76.0392907491 74.945720501 
74.4422770059 75.8434845918 
8.89349679543 70.7853233768 
0.0 0.0 
0.0 0.0 
76.1919432182 75.3814549639 
76.0247207786 75.2849968234 
36.3389442928 0.0 
0.0 0.0 
0.0 0.0 
75.1319655566 75.8985766672 
72.7299225845 75.7732882775 
15.7439657522 62.7224089776 
1.8260530259 13.5096151279 
0.0 0.0 
76.1991547162 74.0934244109 
76.3855172716 75.3470186144 
0.0 34.0214594811 
0.0 0.0 
0.0 0.0 
71.4752985397 73.5973346622 
62.3048503405 72.6181597284 
37.0927094085 66.9478947899 
1.77620729638 -0.534830243846 
0.0 0.0 
73.1620619908 73.1429650684 
72.1216541245 35.7986394985 
0.0 0.0 
0.0 0.0 
0.0 0.0 
-2.31055103799 50.3837967419 
-57.1355082506 58.5224583288 
-59.0170722467 -35.9112381521 
-9.1762452408 -28.0367036239 
0.0 0.0 
8.48459754513 72.0383007364 
2.70392482347 72.0464994152 
0.0 0.0 
0.0 0.0 
0.0 0.0 
0.0 0.0 
0.0 0.0 
0.0 0.0 
0.0 0.0 
0.0 0.0 
0.0 0.0 
0.0 0.0 
0.0 0.0 
0.0 0.0 
0.0 0.0 
76.0178989471 74.9815657455 
73.5356513023 75.6056924411 
63.7368083453 19.7460584301 
0.570622106648 0.0 
0.0 0.0 
76.0437724015 75.3353789275 
75.3641446432 74.6778453918 
14.5550329162 25.7339998925 
0.0 0.0 
0.0 0.0 
75.4552381782 75.0432908682 
75.8460571679 74.2592335045 
27.3262334406 65.7509340031 
0.0 0.0 
0.0 0.0 
75.339034753 74.8821222449 
73.8247974736 74.7404610466 
42.4387204045 71.2871814933 
0.0 0.0 
0.0 0.0 
75.1584774856 74.5055107772 
75.2031149259 74.9117830944 
22.4647179943 71.9619346278 
0.0 0.0 
0.0 0.0 
74.4715969911 72.4208136695 
73.9702150515 67.0553203556 
66.4911324543 29.9803005282 
0.0 0.0 
0.0 0.0 
72.8297622335 40.2353740884 
66.3673867797 73.3249695006 
0.0 0.0 
0.0 0.0 
0.0 0.0 
70.2027320292 24.2621249664 
58.1824312401 -23.8929359057 
12.3217902279 -60.4415414847 
0.0 0.0 
0.0 0.0 
0.0 0.0 
0.0 0.0 
0.0 0.0 
0.0 0.0 
0.0 0.0 
0.0 0.0 
0.0 0.0 
0.0 0.0 
0.0 0.0 
0.0 0.0 
73.4953754736 75.3568298994 
69.5740355907 74.9759889443 
54.717892499 17.7450309942 
0.0 0.0 
0.0 0.0 
75.914254444 74.7448161567 
75.4366543209 74.1617887115 
75.281411987 73.1859535771 
0.0 0.0 
0.0 0.0 
72.0325326126 75.696251987 
67.6499119131 70.937908287 
43.7947452353 66.0677091716 
0.0 0.0 
0.0 0.0 
74.4021930816 75.786620145 
75.8725418435 74.6211200951 
75.2821997878 75.0034118593 
0.0 0.0 
0.0 0.0 
70.7259804011 73.3901141302 
56.3839014696 71.4300631582 
32.2874127326 58.2481288603 
0.0 0.0 
0.0 0.0 
70.9695087493 73.4133681346 
74.2566838377 71.7188247306 
73.7901393677 40.4490155954 
0.0 0.0 
0.0 0.0 
54.4559979224 70.1959215546 
8.07247123052 65.4091072251 
-45.2740819336 -16.6197686112 
0.0 0.0 
0.0 0.0 
44.035491931 69.8586855357 
71.1481338054 65.7886685577 
11.5594775733 17.7642165168 
0.0 0.0 
0.0 0.0 
0.0 0.0 
0.0 0.0 
0.0 0.0 
0.0 0.0 
0.0 0.0 
0.0 0.0 
0.0 0.0 
0.0 0.0 
0.0 0.0 
0.0 0.0 
73.9652022775 75.2466269377 
67.6971847303 73.9534656671 
6.22111950828 65.18768247 
0.0 0.0 
0.0 0.0 
73.9352777087 74.9319579575 
75.3043558655 74.0284153133 
75.1408321045 71.2129435776 
0.0 0.0 
0.0 0.0 
75.625618761 72.8815554173 
72.2594663525 75.3212556845 
61.0651272365 35.197357155 
0.0 0.0 
0.0 0.0 
75.4753631006 74.1536008622 
74.6736902965 70.7353253956 
74.531345527 69.5372129719 
0.0 0.0 
0.0 0.0 
75.4026292075 73.7568881249 
69.9074989094 75.4795730009 
51.6575843767 7.08694359466 
0.0 0.0 
0.0 0.0 
75.4372911956 73.2365120602 
74.8054387856 66.8647823633 
73.8105002716 34.6350133896 
18.6264072631 11.183796876 
0.0 0.0 
73.1989975564 49.69038493 
61.5195071675 73.5335581334 
0.0 0.0 
0.0 0.0 
0.0 0.0 
73.1850787392 23.4471067877 
63.3731182288 -17.502292996 
26.6481560881 -64.0312669373 
-30.0 0.0 
0.0 0.0 
0.0 0.0 
0.0 0.0 
0.0 0.0 
0.0 0.0 
0.0 0.0 
0.0 0.0 
0.0 0.0 
0.0 0.0 
0.0 0.0 
0.0 0.0 
70.4684211967 44.9413500842 
67.2550702597 55.9523449527 
15.6158015706 52.3489575713 
0.0 0.0 
0.0 0.0 
72.201965889 66.7726174063 
68.414740323 73.083058908 
72.7336272629 65.7093636653 
17.3584226893 0.0 
0.0 0.0 
64.6501833544 71.3295778948 
66.6348305244 56.2195622112 
36.8045503775 64.4668358694 
0.0 0.0 
0.0 0.0 
66.7364454434 71.6672302925 
72.1607878812 69.0240288933 
72.0873371349 68.9390446667 
57.4628601208 1.20114718796 
0.0 0.0 
60.8102435456 71.0125396924 
51.8166646298 68.6435175645 
1.04277097212 55.9856750267 
0.0 0.0 
0.0 0.0 
66.4414037785 72.350301523 
72.0511708649 69.3430729014 
70.7696872365 67.2397155462 
0.0 0.0 
0.0 0.0 
-5.11944055844 65.7204300283 
-30.218330505 61.255808191 
-58.1482642609 -55.4234072412 
0.0 0.0 
0.0 0.0 
46.349296039 68.2205512284 
64.7380123783 66.8088895924 
18.3188833686 68.2508247994 
0.0 0.0 
0.0 0.0 
0.0 0.0 
0.0 0.0 
0.0 0.0 
0.0 0.0 
0.0 0.0 
0.0 0.0 
0.0 0.0 
0.0 0.0 
0.0 0.0 
0.0 0.0 
41.7944360515 72.331505472 
1.58625466427 71.0174486939 
5.49368782963 64.5987514015 
0.0 0.0 
0.0 0.0 
69.3490802959 72.5042061268 
66.0182642611 73.7722850317 
74.2991777779 66.583650971 
45.7262885792 13.8093540724 
0.0 0.0 
74.5986607237 66.644546595 
72.6017119576 56.3135086523 
8.18609087496 68.391444989 
0.0 0.0 
0.0 0.0 
73.9620914003 70.5187009619 
74.3729518755 66.4795171659 
74.210726906 33.301174158 
43.5573814909 12.6126514819 
0.0 0.0 
74.6178686307 67.7327341164 
62.5667974625 73.8181341802 
8.42830688043 9.11654642757 
0.0 0.0 
0.0 0.0 
74.6879017055 71.8376943579 
74.8794201977 47.8605830798 
71.6304540254 3.15655442553 
16.7810288739 -45.0595146837 
0.0 0.0 
71.7992163962 21.9525752893 
20.6101776936 71.2396170209 
0.0 0.0 
0.0 0.0 
0.0 0.0 
73.4628476174 6.95529174142 
33.9059051226 -33.8726932465 
-23.195906743 -87.5675067591 
-64.041385569 -85.0171069412 
0.0 0.0 
0.0 0.0 
0.0 0.0 
0.0 0.0 
0.0 0.0 
0.0 0.0 
0.0 0.0 
0.0 0.0 
0.0 0.0 
0.0 0.0 
0.0 0.0 
0.0 30.4992645768 
0.0 0.0 
0.0 0.0 
0.0 0.0 
0.0 0.0 
0.0 38.9724196624 
38.1619808 70.6301921516 
70.6713043791 38.9577593617 
13.4013344439 0.88417892675 
0.0 0.0 
4.60486165657 21.4437858542 
0.0 0.0 
0.0 0.0 
0.0 0.0 
0.0 0.0 
17.9922983117 64.2744714848 
58.3894445491 68.3144086605 
69.4311337504 58.8048284444 
61.74380403 0.919075326802 
0.0 0.0 
60.6562664111 36.8186914857 
46.4122797149 19.8557951821 
-7.71726618177 0.0 
0.0 0.0 
0.0 0.0 
63.2521494642 41.5012610409 
61.302587864 53.8205823027 
66.3521782359 60.6721584786 
0.0 0.0 
0.0 0.0 
10.2757286297 45.4912053537 
-9.19075741867 43.4626171643 
-25.9805741204 -34.0580427903 
0.0 0.0 
0.0 0.0 
43.4293227788 63.1235381132 
53.9267364429 57.7177543854 
39.6014061707 61.8244971604 
0.0 0.0 
0.0 0.0 
0.0 0.0 
0.0 0.0 
0.0 0.0 
0.0 0.0 
0.0 0.0 
0.0 0.0 
0.0 0.0 
0.0 0.0 
0.0 0.0 
0.0 0.0 
0.0 0.0 
0.0 0.0 
0.0 0.0 
0.0 0.0 
0.0 0.0 
0.0 8.86276984169 
71.1695212552 52.1260658839 
72.4128556086 20.0479950642 
34.9645695792 0.709593455889 
0.0 0.0 
55.4518311808 9.98278271015 
0.0 12.7943888329 
0.0 0.0 
0.0 0.0 
0.0 0.0 
66.800747575 1.32998492904 
69.8228603576 52.1311993989 
69.5255014673 11.0972049729 
33.531808271 0.776142528978 
0.0 0.0 
51.031769846 13.8172611626 
0.0 0.0 
0.0 0.0 
0.0 0.0 
0.0 0.0 
65.3706072191 10.7465279056 
71.0474329881 11.7798011089 
58.3854496491 -42.0622365691 
2.4563428815 -17.2021609291 
0.0 0.0 
0.0 0.0 
0.0 0.0 
0.0 0.0 
0.0 0.0 
0.0 0.0 
0.0 0.0 
-3.92557665981 -37.5898783494 
-40.7897706611 -80.8405437679 
-84.3748425201 -82.4422422513 
0.0 0.0 
0.0 0.0 
0.0 0.0 
0.0 0.0 
0.0 0.0 
0.0 0.0 
0.0 0.0 
0.0 0.0 
0.0 0.0 
0.0 0.0 
0.0 0.0 
0.0 0.0 
0.0 0.0 
0.0 0.0 
0.0 0.0 
0.0 0.0 
0.0 0.0 
0.0 0.0 
0.0 0.0 
1.37493915701 0.0 
0.0 0.0 
0.0 0.0 
0.0 0.0 
0.0 0.0 
0.0 0.0 
0.0 0.0 
0.0 0.0 
0.0 0.0 
21.8690438461 0.704840419321 
9.42723858394 0.0 
0.0 0.0 
0.0 0.0 
0.0 0.0 
0.0 0.0 
0.0 0.0 
0.0 0.0 
0.0 0.0 
0.0 8.10791253642 
31.2163677469 1.86075497177 
0.0 0.0 
0.0 0.0 
0.0 0.0 
0.0 0.0 
0.0 0.0 
0.0 0.0 
0.0 0.0 
0.0 0.0 
0.0 0.0 
8.96317869559 0.0 
0.0 0.0 
0.0 0.0 
0.0 0.0 
0.0 0.0 
0.0 0.0 
0.0 0.0 
0.0 0.0 
0.0 0.0 
0.0 0.0 
0.0 0.0 
0.0 0.0 
0.0 0.0 
0.0 0.0 
0.0 0.0 
0.0 0.0 
0.0 0.0 
0.0 0.0 
0.0 0.0 
0.0 0.0 
0.0 0.0 
0.0 0.0 
0.0 0.0 
0.0 0.0 
0.0 0.0 
0.0 0.0 
0.0 0.0 
0.0 0.0 
0.0 0.0 
0.0 0.0 
1.53156504032 0.0 
0.0 1.65093830741 
0.0 0.0 
0.0 0.0 
0.0 0.0 
0.0 0.0 
0.0 0.0 
0.0 0.0 
0.0 0.0 
0.0 0.0 
0.0 0.0 
3.70921950857 1.61809808362 
0.0 0.0 
0.0 0.0 
0.0 0.0 
0.0 0.0 
0.0 0.0 
0.0 0.0 
0.0 0.0 
0.0 0.0 
0.0 0.0 
-25.1406122173 0.0 
0.0 0.0 
0.0 0.0 
0.0 0.0 
0.0 0.0 
0.0 0.0 
0.0 0.0 
0.0 0.0 
0.0 0.0 
0.0 0.0 
0.0 0.0 
0.0 0.0 
74.4793012531 76.4389014911 
74.1850896026 75.9762165631 
69.3087398562 1.44335577556 
0.0 0.0 
0.0 0.0 
75.6571985104 76.3316940634 
74.7877606001 74.2664297083 
0.0 0.0 
0.0 0.0 
0.0 0.0 
74.9703531457 76.4081055717 
72.1308191676 75.876646167 
55.5276107521 73.9822054696 
0.886674951819 0.587433691465 
0.0 0.0 
75.4380247434 76.3021397521 
51.4518301859 76.2368519029 
0.0 0.0 
0.0 0.0 
0.0 0.0 
57.1359609696 73.4577615561 
57.9879836608 73.1877272092 
39.5148379278 72.677564625 
1.39033937778 1.9736108298 
0.0 0.0 
69.5489784692 56.7998726212 
4.69398553115 69.37763517 
0.0 0.0 
0.0 0.0 
0.0 0.0 
-0.987436573989 67.2033855345 
-60.977434685 39.1315976776 
-82.566606132 -89.2479120883 
0.0 -24.6193714408 
0.0 0.0 
5.81422246609 66.9741198116 
2.47545786573 0.0 
0.0 0.0 
0.0 0.0 
0.0 0.0 
0.0 0.0 
0.0 0.0 
0.0 0.0 
0.0 0.0 
0.0 0.0 
0.0 0.0 
0.0 0.0 
0.0 0.0 
0.0 0.0 
0.0 0.0 
74.7023712136 75.6527539221 
74.2065710067 76.0211149725 
18.9659479767 75.0991496891 
0.0 0.0 
0.0 0.0 
75.1654631786 75.3766966126 
74.1478719217 68.1759520608 
10.5770679769 0.0 
0.0 0.0 
0.0 0.0 
74.0720281375 75.0461587334 
73.8165180656 74.5029791853 
70.9188586087 57.8597340977 
0.0 0.0 
0.0 0.0 
74.4765715186 73.6744367292 
74.2539602967 72.1873262457 
18.0030457048 70.1940243313 
0.0 0.0 
0.0 0.0 
73.8626450249 72.0758012407 
74.0023246537 74.8508499468 
72.5466908435 32.3107141316 
0.0 0.0 
0.0 0.0 
73.6800805404 72.0806788467 
66.5611134025 61.0796697999 
50.4072988821 34.8887919824 
0.0 0.0 
0.0 0.0 
72.4555631734 23.2569110317 
72.6471538028 50.5290506727 
17.4983230676 52.9258150688 
0.0 0.0 
0.0 0.0 
61.6122053003 27.4407245336 
59.3398076955 -6.31160818072 
7.22217356758 -53.1613103576 
0.0 0.0 
0.0 0.0 
0.0 0.0 
0.0 0.0 
0.0 0.0 
0.0 0.0 
0.0 0.0 
0.0 0.0 
0.0 0.0 
0.0 0.0 
0.0 0.0 
0.0 0.0 
74.237307916 74.5714970836 
73.5554052633 75.0197045039 
69.4476408974 62.1073404548 
0.544249978122 0.0 
0.0 0.0 
74.7880316193 74.5393874701 
74.2121555887 71.7619646432 
0.0 0.0 
0.0 0.0 
0.0 0.0 
70.8395847723 74.9314709953 
65.8144447942 75.0832447318 
50.7157153332 72.7214657615 
0.17159475975 1.14760409163 
0.0 0.0 
71.5835135606 74.9483572953 
74.920756834 60.7841403735 
0.0 0.0 
0.0 0.0 
0.0 0.0 
58.5037128519 67.4030445362 
60.07047027 69.9163455774 
14.0037622571 71.5288744297 
-12.8689073761 -7.79354487962 
0.0 0.0 
68.4282868141 14.3489077894 
62.7866670107 7.07301356342 
0.0 0.0 
0.0 0.0 
0.0 0.0 
36.5212740031 1.98727382778 
-47.131352947 10.6362519245 
-94.8174288637 -76.8321884181 
-36.5486580378 -39.1288046881 
0.0 0.0 
40.2602904248 1.16406370185 
0.0 0.0 
0.0 0.0 
0.0 0.0 
0.0 0.0 
0.0 0.0 
0.0 0.0 
0.0 0.0 
0.0 0.0 
0.0 0.0 
0.0 0.0 
0.0 0.0 
0.0 0.0 
0.0 0.0 
0.0 0.0 
73.3656114471 73.9949249985 
74.2639228713 74.7588678877 
67.8620982027 62.8843470097 
0.0 0.0 
0.0 0.0 
74.2983141676 73.3750400624 
73.8873792037 73.2646113635 
0.0 0.0 
0.0 0.0 
0.0 0.0 
74.0283253391 72.7908395394 
71.6780610888 74.2136432498 
62.815313334 71.2490417732 
0.0 0.0 
0.0 0.0 
72.08877534 71.4048776081 
70.3339384023 69.4951599883 
20.9601894082 66.6565829944 
0.0 0.0 
0.0 0.0 
72.876013939 70.6330823557 
72.1925444466 73.7866426403 
60.9003903301 72.746567538 
0.0 0.0 
0.0 0.0 
69.5456955695 69.2887570855 
69.524366896 55.0104713073 
66.0607489408 31.9701101126 
0.0 0.0 
0.0 0.0 
71.0723752363 68.7765405994 
70.8634739133 69.8469654056 
27.6436916642 72.1292176738 
0.0 0.0 
0.0 0.0 
69.9248196978 68.7017189983 
34.8916818367 4.34002636893 
7.20417690277 -29.4391274238 
0.0 0.0 
0.0 0.0 
0.0 0.0 
0.0 0.0 
0.0 0.0 
0.0 0.0 
0.0 0.0 
0.0 0.0 
0.0 0.0 
0.0 0.0 
0.0 0.0 
0.0 0.0 
60.3184199705 74.8928962082 
58.7493101754 74.8009367402 
62.9695458591 6.77332388165 
0.0 0.0 
0.0 0.0 
72.6146470995 25.876058793 
61.3335175648 12.0499392058 
0.0 0.0 
0.0 0.0 
0.0 0.0 
44.2490152221 68.5747272131 
52.3765033225 71.0557113713 
47.5945084686 62.2473697282 
0.860534659259 1.5227688829 
0.0 0.0 
64.327614852 16.3166494289 
37.9462943838 13.3413885912 
0.0 0.0 
0.0 0.0 
0.0 0.0 
54.7746313821 16.7391443001 
36.9250534732 57.9843130438 
11.593635536 53.2751869513 
-27.5374649563 6.14413905142 
0.0 0.0 
12.7752546506 38.2254346109 
8.32331147235 26.3913793899 
0.0 0.0 
0.0 0.0 
0.0 0.0 
1.59434372816 18.6532371994 
-28.6607532741 1.39040124716 
-65.8756375355 -51.0662292698 
-76.6029428924 -54.1565313841 
0.0 0.0 
0.0 0.553809283457 
0.0 3.0059506867 
0.0 0.0 
0.0 0.0 
0.0 0.0 
0.0 0.0 
0.0 0.0 
0.0 0.0 
0.0 0.0 
0.0 0.0 
0.0 0.0 
0.0 0.0 
0.0 0.0 
0.0 0.0 
0.0 0.0 
73.8901940125 62.7773315965 
71.1397407315 74.5997896244 
20.3020573292 70.9330184018 
2.42527308167 1.26294881626 
0.0 0.0 
28.1017952492 71.3087400382 
64.9511103642 15.1921969835 
0.0 0.0 
0.0 0.0 
0.0 0.0 
67.9209372296 70.5296851276 
68.7088533128 73.2150706013 
51.1808972851 73.309501196 
6.02859841082 2.41261340145 
0.0 0.0 
64.8977584421 68.1858125876 
67.6081588723 64.343922271 
50.8190727491 15.8537197253 
0.0 0.0 
0.0 0.0 
66.386718145 63.7050691042 
67.7740762976 65.699211595 
67.8341016251 71.8602022745 
1.81474392786 0.0 
0.0 0.0 
64.3263629285 62.945958901 
61.2372243326 54.6054050399 
54.7158938404 12.3015220472 
0.0 0.0 
0.0 0.0 
67.9413632682 65.8944233135 
68.0363546082 66.0085965821 
49.296081188 70.4218901817 
0.0 0.0 
0.0 0.0 
59.1293612864 48.2847787163 
51.338512769 -12.4807253597 
18.6486892432 -53.0849970831 
0.0 0.0 
0.0 0.0 
0.0 0.0 
0.0 0.0 
0.0 0.0 
0.0 0.0 
0.0 0.0 
0.0 0.0 
0.0 0.0 
0.0 0.0 
0.0 0.0 
0.0 0.0 
0.0 0.0 
0.0 16.5498554891 
2.66033494791 50.3048318336 
11.5455433068 1.24264372742 
0.0 0.0 
0.0 0.0 
0.0 0.0 
0.0 0.0 
0.0 0.0 
0.0 0.0 
0.0 0.0 
7.68370820011 51.2303371903 
0.969035400874 43.984126656 
0.180275884538 22.0828707498 
0.0 0.0 
0.0 0.0 
0.0 0.0 
0.0 0.0 
0.0 0.0 
0.0 0.0 
0.0 4.71715957338 
6.67931354584 51.6168218342 
1.05401197326 30.2360784818 
-3.84239069453 -11.5689587498 
0.0 0.0 
0.0 0.0 
0.0 0.0 
0.0 0.0 
0.0 0.0 
0.0 0.0 
0.0 0.0 
-34.7891107976 -29.4369834214 
-67.9859696761 -49.2900392555 
-51.0 -36.3855142704 
0.0 0.0 
0.0 0.0 
0.0 0.0 
0.0 0.0 
0.0 0.0 
0.0 0.0 
0.0 0.0 
0.0 0.0 
0.0 0.0 
0.0 0.0 
0.0 0.0 
0.0 0.0 
0.0 0.0 
0.0 0.0 
0.0 0.0 
0.0 0.0 
0.0 0.0 
10.2729588654 0.0 
45.4701324264 13.2068681247 
4.82658427729 0.97409426465 
0.0 0.0 
0.0 0.0 
0.0 0.0 
0.0 0.0 
0.0 0.0 
0.0 0.0 
7.63383997663 8.7664454849 
51.7096623778 26.2917752993 
48.4076906173 30.9202294163 
0.929470233046 29.3790121717 
0.0 0.0 
0.0 0.0 
0.0 0.0 
0.0 0.0 
0.0 0.0 
0.0 0.0 
58.1155937585 62.2744534022 
60.7723844215 66.2746529666 
13.9860582505 62.8304954751 
0.0 0.0 
0.0 0.0 
43.538023379 59.8733604555 
22.3220332945 59.1834718344 
0.0 0.0 
0.0 0.0 
0.0 0.0 
61.5679972242 54.2666132793 
60.9537095699 56.7472281005 
59.7731307939 3.86319917751 
0.0 0.0 
0.0 0.0 
61.7116596062 35.8517654052 
54.7115079696 30.1544765704 
0.0 0.0 
0.0 0.0 
0.0 0.0 
0.0 0.0 
0.0 0.0 
0.0 0.0 
0.0 0.0 
0.0 0.0 
0.0 0.0 
0.0 0.0 
0.0 0.0 
0.0 0.0 
0.0 0.0 
0.0 0.0 
0.0 0.0 
0.0 0.0 
0.0 0.0 
0.0 0.0 
0.0 0.0 
0.0 0.0 
0.0 0.0 
0.0 0.0 
0.0 0.0 
0.0 0.0 
0.0 0.0 
0.0 0.0 
0.0 0.0 
0.0 0.0 
0.0 0.0 
0.0 0.0 
0.0 0.0 
0.0 0.0 
0.0 0.0 
0.0 0.0 
0.0 0.0 
0.0 0.0 
0.0 0.0 
0.0 0.0 
0.0 0.0 
0.0 0.0 
0.0 0.0 
0.0 0.0 
0.0 0.0 
0.0 0.0 
0.0 0.0 
0.0 0.0 
0.0 -49.0573768504 
0.0 0.0 
0.0 0.0 
0.0 0.0 
0.0 0.0 
0.0 0.0 
0.0 0.0 
0.0 0.0 
0.0 0.0 
0.0 0.0 
0.0 0.0 
0.0 0.0 
0.0 0.0 
0.0 0.0 
0.0 0.0 
0.0 0.0 
0.0 0.0 
0.0 0.0 
0.0 0.0 
0.0 0.0 
0.0 0.0 
0.0 0.0 
0.0 0.0 
0.0 0.0 
0.0 0.0 
0.0 0.0 
0.0 0.0 
0.0 0.0 
0.0 0.0 
0.0 0.0 
0.0 0.0 
0.0 0.0 
0.0 0.0 
0.0 0.0 
0.0 0.0 
0.0 0.0 
0.0 0.0 
0.0 0.0 
0.0 0.0 
0.0 0.0 
0.0 0.0 
0.0 0.0 
0.0 0.0 
0.0 0.0 
0.0 0.0 
0.0 0.0 
0.0 0.0 
0.0 0.0 
0.0 0.0 
0.0 0.0 
0.0 0.0 
0.0 0.0 
0.0 0.0 
0.0 0.0 
0.0 0.0 
0.0 0.0 
0.0 0.0 
0.0 0.0 
0.0 0.0 
0.0 0.0 
0.0 0.0 
0.0 0.0 
0.0 0.0 
0.0 0.0 
0.0 0.0 
0.0 0.0 
0.0 0.0 
72.5596123347 70.0805589852 
67.3476788996 71.8293224965 
51.5171733823 35.6013145997 
0.0 0.0 
0.0 0.0 
73.2594497294 71.0625405552 
72.6049848936 49.8075101515 
45.6994161939 10.3317353077 
0.0 0.0 
0.0 0.0 
72.3266214105 70.0243077944 
66.2665098286 71.7793456533 
44.1776429224 59.213009745 
0.0 3.65880807058 
0.0 0.0 
72.0628986419 70.1140454163 
52.546528022 67.1687971718 
3.90976992074 17.4613938337 
0.0 0.0 
0.0 0.0 
71.5923201146 68.9248236075 
55.6602754997 71.3781313615 
-0.900929480858 46.3656398776 
-5.26565406356 -23.8198065603 
0.0 0.0 
68.1801550953 71.5602113283 
15.5491503253 70.2200934191 
0.0 0.0 
0.0 0.0 
0.0 0.0 
25.7868687549 31.2911216771 
-29.7147015754 -30.0122379466 
-75.5202089497 -33.2148770551 
-25.2006713747 -51.0 
0.0 0.0 
40.825977723 69.6277351802 
67.2549910148 13.5689714647 
0.0 0.0 
0.0 0.0 
0.0 0.0 
0.0 0.0 
0.0 0.0 
0.0 0.0 
0.0 0.0 
0.0 0.0 
0.0 0.0 
0.0 0.0 
0.0 0.0 
0.0 0.0 
0.0 0.0 
72.7664000584 70.9686132896 
67.3623694737 71.7859797347 
47.6037166141 70.0011317679 
0.0 0.0 
0.0 0.0 
73.5562923306 71.3541469033 
72.9797640787 72.4098434947 
9.84976448811 57.6697645362 
0.0 0.0 
0.0 0.0 
73.0997815646 71.2174802039 
72.5733903111 69.2966735043 
61.1556048402 71.114340489 
0.0 8.48356405459 
0.0 0.0 
73.0221762567 71.7752471586 
71.2150246495 72.0366721539 
71.0896754331 14.3238336659 
0.0 0.0 
0.0 0.0 
72.8135012882 72.1828349471 
69.3441444166 72.4088160807 
40.0001617673 71.5689646247 
0.0 0.0 
0.0 0.0 
72.2334318118 72.2359414959 
70.3076715081 68.8342171437 
70.197086856 26.7605428327 
0.0 0.0 
0.0 0.0 
71.3328055864 11.0115238892 
70.5982970315 24.4912215958 
13.2092754224 68.2446101613 
0.0 0.0 
0.0 0.0 
52.5446616137 -22.1762579016 
67.9673403112 -2.84563995399 
57.5168910759 -60.024287734 
0.0 -30.0 
0.0 0.0 
0.0 0.0 
0.0 0.0 
0.0 0.0 
0.0 0.0 
0.0 0.0 
0.0 0.0 
0.0 0.0 
0.0 0.0 
0.0 0.0 
0.0 0.0 
63.6948133685 71.9124101569 
66.2158285921 70.2637539929 
40.2956423679 64.411411578 
0.0 0.0 
0.0 0.0 
67.9178489882 71.8230376514 
71.8522409571 67.5973349732 
71.3035531426 53.3041668868 
0.0 0.0 
0.0 0.0 
71.0985866136 67.4443131027 
65.3086697132 71.537309597 
41.6357345725 63.7894473361 
0.0 0.0 
0.0 0.0 
69.6616420104 71.5159352645 
71.7280757529 68.7917556679 
52.9833364714 69.3664209439 
0.0 0.0 
0.0 0.0 
66.2556232861 70.6818530592 
54.8180129765 71.0131680045 
19.9727986032 4.99500123261 
0.0 6.28275932903 
0.0 0.0 
68.3061882033 71.3174924887 
71.5327105633 64.8613813564 
69.4647868412 53.0236960574 
0.0 0.0 
0.0 0.0 
4.83260612863 61.3680918154 
-39.368423977 33.5377804515 
-82.1643077094 -37.3052556434 
0.0 0.0 
0.0 0.0 
7.84540908112 62.8258951917 
52.2341207788 69.3232572205 
70.5817874701 16.5853704532 
0.0 0.0 
0.0 0.0 
0.0 0.0 
0.0 0.0 
0.0 0.0 
0.0 0.0 
0.0 0.0 
0.0 0.0 
0.0 0.0 
0.0 0.0 
0.0 0.0 
0.0 0.0 
67.6088450255 71.505453754 
63.6295292566 69.7494629337 
53.7290135566 67.7394509014 
0.0 0.0 
0.0 0.0 
66.787565829 71.3004852569 
68.2613341832 71.6150934339 
71.7440933191 69.3381894204 
0.0 0.0 
0.0 0.0 
72.7317734474 67.0517069168 
69.562161001 72.5542622817 
55.5482277054 69.8672513885 
0.0 0.0 
0.0 0.0 
72.6538909762 68.9751657651 
72.6288144584 68.218946582 
71.9251936366 68.9557892825 
0.0 0.0 
0.0 0.0 
72.4095635807 68.5352067624 
72.3748870897 67.6411555063 
69.4854740908 58.6402606327 
0.0 0.0 
0.0 0.0 
72.5537400286 68.420145782 
72.2219764853 68.5829723464 
70.5679966165 36.2776300008 
0.0 0.0 
0.0 0.0 
71.3469678475 51.3956607306 
70.6661270126 63.322375064 
2.00816517397 62.3265172543 
0.0 0.0 
0.0 0.0 
71.2017974547 2.82382842224 
55.0215366988 11.1944680976 
29.5326686896 -56.0809061346 
0.0 0.0 
0.0 0.0 
0.0 0.0 
0.0 0.0 
0.0 0.0 
0.0 0.0 
0.0 0.0 
0.0 0.0 
0.0 0.0 
0.0 0.0 
0.0 0.0 
0.0 0.0 
67.6806862489 64.0151114749 
63.1619781488 61.9719059528 
44.6006985276 62.2436020552 
0.0 0.0 
0.0 0.0 
66.3602106835 67.7669862267 
70.1323736869 65.6397349751 
70.8128766902 62.8818232234 
58.4843794407 28.4493346999 
0.0 0.0 
59.2290922556 68.797447831 
52.1285263657 66.8389073857 
45.2421785796 51.5713059918 
0.0 0.0 
0.0 0.0 
59.9820261802 69.0739059797 
66.2880016363 69.8306666266 
69.6905120474 61.8862499452 
68.867823664 22.9260960592 
0.0 0.0 
53.9698067117 69.2952193968 
35.3532996659 65.5528996563 
21.8175826096 39.1171622258 
0.0 0.0 
0.0 0.0 
61.0841058771 70.0689090164 
71.2003569735 64.5715711791 
66.7161136525 57.6083612262 
0.0 0.0 
0.0 0.0 
30.6714615816 60.4162055566 
-32.5645064332 -0.353018122865 
-65.5280697515 -24.6275537547 
0.0 0.0 
0.0 0.0 
44.0997765574 60.6307489158 
54.3786379063 62.1125666906 
19.308777959 61.8297155773 
0.0 0.0 
0.0 0.0 
0.0 0.0 
0.0 0.0 
0.0 0.0 
0.0 0.0 
0.0 0.0 
0.0 0.0 
0.0 0.0 
0.0 0.0 
0.0 0.0 
0.0 0.0 
67.5169842828 54.697642771 
65.8944149182 54.6848135453 
21.0105513324 62.5937800512 
0.0 0.0 
0.0 0.0 
59.3326209327 69.3650527139 
68.2836028929 71.0745774568 
70.8248726138 64.6183239759 
63.1306483377 0.94438307361 
0.0 0.0 
65.814233275 70.1806494521 
54.7085802638 69.8531676141 
40.6780018116 67.6440474136 
0.0 0.0 
0.0 0.0 
69.2391706808 65.8535241357 
66.4675277457 71.2807227846 
71.7228054333 66.5871916509 
65.7891727522 2.2828411938 
0.0 0.0 
70.3658601382 61.9197219564 
70.1460687922 59.0156719007 
30.8892542035 66.8882267699 
0.0 0.0 
0.0 0.0 
71.2944666284 66.8016941969 
72.2049253259 62.9318634222 
71.5481914402 51.4849060816 
5.82446067509 -7.23457694833 
0.0 0.0 
66.2213455255 16.820616639 
8.23685345629 64.087038945 
0.0 0.0 
0.0 0.0 
0.0 0.0 
68.2938703248 6.58165265789 
47.8997957361 -6.94955821371 
32.6249465409 -92.1181248618 
-65.7 -70.0146675618 
0.0 0.0 
0.0 0.0 
0.0 0.0 
0.0 0.0 
0.0 0.0 
0.0 0.0 
0.0 0.0 
0.0 0.0 
0.0 0.0 
0.0 0.0 
0.0 0.0 
11.7887872541 63.6723890528 
47.3538056973 8.6867308638 
0.0 0.0 
0.0 0.0 
0.0 0.0 
29.1474558561 60.9671718721 
62.6751018801 44.802827606 
67.9084657242 37.0704792827 
44.8209167795 13.2480616871 
0.0 0.0 
5.67367845158 61.0244247429 
49.4889896559 16.2295341799 
0.0 0.0 
0.0 0.0 
0.0 0.0 
37.0874711329 63.5723561478 
61.5496083016 58.3958688763 
66.3526910851 53.1462724631 
57.2056932222 14.0028462613 
0.0 0.0 
34.1186182194 57.900499247 
33.3694431642 24.196424801 
1.08220090859 9.77299645737 
0.0 0.0 
0.0 0.0 
35.8582386396 61.0965420649 
46.7566378086 65.6094088618 
66.3278251116 46.0431546335 
0.0 0.0 
0.0 0.0 
31.5977436221 44.3510969923 
-2.05097889995 36.4241173037 
-33.6313114989 -13.4230441179 
0.0 0.0 
0.0 0.0 
35.2184430968 47.446080912 
42.1655765728 59.3229520851 
58.8802935687 24.5415905108 
0.0 0.0 
0.0 0.0 
0.0 0.0 
0.0 0.0 
0.0 0.0 
0.0 0.0 
0.0 0.0 
0.0 0.0 
0.0 0.0 
0.0 0.0 
0.0 0.0 
0.0 0.0 
53.6684281325 20.8857551798 
0.297342454522 52.9675772587 
0.0 0.0 
0.0 0.0 
0.0 0.0 
60.6186255423 31.4473705035 
66.7464342809 51.8107165297 
66.6527335078 45.2874488374 
49.8070587895 1.28823935925 
0.0 0.0 
26.3818542525 65.3537275629 
15.1600177066 39.9618824566 
0.0 0.0 
0.0 0.0 
0.0 0.0 
33.9805515917 64.7799379411 
67.0943836086 60.0086159213 
70.1211542963 43.2526667022 
30.458063086 -25.9588189514 
0.0 0.0 
40.7282821182 64.618805977 
54.8327122063 25.067928618 
0.0 0.0 
0.0 0.0 
0.0 0.0 
62.405176758 39.538062966 
65.7214860633 52.9488547979 
61.7910859576 7.86634320003 
16.0977333379 -60.6626920665 
0.0 0.0 
0.0 9.76693725749 
0.0 0.0 
0.0 0.0 
0.0 0.0 
0.0 0.0 
0.975454826556 27.8642248719 
-18.4128819308 -10.3930576275 
-38.5987604401 -78.3018262233 
-95.2200210125 -94.2603445347 
0.0 0.0 
0.0 0.0 
0.0 0.0 
0.0 0.0 
0.0 0.0 
0.0 0.0 
0.0 0.0 
0.0 0.0 
0.0 0.0 
0.0 0.0 
0.0 0.0 
0.0 0.0 
0.0 0.0 
0.0 0.0 
0.0 0.0 
0.0 0.0 
0.0 0.0 
0.0 13.8700486302 
50.8153584531 0.820485895146 
23.4340863035 0.80758895659 
0.0 0.0 
0.0 0.0 
0.0 0.0 
0.0 0.0 
0.0 0.0 
0.0 0.0 
0.0 0.0 
40.9906610839 20.8726459556 
51.6019990553 4.37674594187 
37.8442341073 0.936375317833 
0.0 0.0 
0.0 0.0 
0.0 0.0 
0.0 0.0 
0.0 0.0 
0.0 0.0 
15.6669416407 0.0 
52.7223436427 6.8500600743 
59.4983151583 16.7415237716 
0.0 0.0 
0.0 0.0 
3.64028144943 1.54380338344 
0.0 0.937167816556 
0.0 0.0 
0.0 0.0 
0.0 0.0 
7.21763136646 0.0 
14.1021361851 0.869331949961 
0.0 0.0 
0.0 0.0 
0.0 0.0 
0.0 0.0 
0.0 0.0 
0.0 0.0 
0.0 0.0 
0.0 0.0 
0.0 0.0 
0.0 0.0 
0.0 0.0 
0.0 0.0 
0.0 0.0 
0.0 0.0 
0.0 0.0 
0.0 0.0 
0.0 0.0 
0.0 0.0 
0.0 0.0 
0.0 0.0 
16.4163738522 4.12649267933 
15.6357235531 -0.696782297096 
0.0 0.0 
0.0 0.0 
0.0 0.0 
0.0 0.0 
0.0 0.0 
0.0 0.0 
0.0 0.0 
0.0 0.0 
25.5652261439 1.34659661284 
10.0249906969 -16.2261697213 
0.0 0.0 
0.0 0.0 
0.0 0.0 
0.0 0.0 
0.0 0.0 
0.0 0.0 
0.0 0.0 
0.0 0.0 
15.4786724174 0.0 
-20.3799765755 -12.5715769902 
0.0 0.0 
0.0 0.0 
0.0 0.0 
0.0 0.0 
0.0 0.0 
0.0 0.0 
0.0 0.0 
0.0 0.0 
0.0 0.0 
-73.1314418658 0.0 
0.0 0.0 
0.0 0.0 
0.0 0.0 
0.0 0.0 
0.0 0.0 
0.0 0.0 
0.0 0.0 
0.0 0.0 
0.0 0.0 
0.0 0.0 
0.0 0.0 
72.481012556 73.2966946332 
70.9602949521 72.5259845174 
70.1561358898 48.7484086524 
0.0 0.0 
0.0 0.0 
72.8704658575 45.5035128061 
6.82532119871 71.5099351265 
0.0 0.0 
0.0 0.0 
0.0 0.0 
71.8422384599 68.8398842804 
68.8381434254 72.229321512 
47.8971263706 70.43598615 
2.07085422906 9.49937451151 
0.0 0.0 
72.2482625446 69.7954819403 
18.8172323682 66.6049315572 
0.0 0.0 
0.0 0.0 
0.0 0.0 
68.9076414729 71.0354008715 
47.0045486902 71.578339815 
-22.507726972 54.9221836783 
-8.77865979359 1.0377957513 
0.0 0.0 
70.4730915384 52.0202451478 
69.8559604912 2.92868558979 
0.0 0.0 
0.0 0.0 
0.0 0.0 
17.8991167231 67.9822760674 
-17.0431320885 -4.64096475945 
-69.0439888247 -46.317569414 
-47.8354019998 -43.125720751 
0.0 0.0 
52.3732744965 1.09875854392 
2.94510526656 52.3405693783 
0.0 0.0 
0.0 0.0 
0.0 0.0 
0.0 0.0 
0.0 0.0 
0.0 0.0 
0.0 0.0 
0.0 0.0 
0.0 0.0 
0.0 0.0 
0.0 0.0 
0.0 0.0 
0.0 0.0 
73.0239401991 73.3052641051 
70.7294102927 72.7025766914 
70.3446804902 36.4550809829 
0.0 0.0 
0.0 0.0 
63.9440464569 73.0452797075 
72.5979136777 70.3775151892 
0.0 0.0 
0.0 0.0 
0.0 0.0 
72.9417454779 72.6325541324 
71.5780983175 73.0655038659 
70.3454026158 45.7964855529 
0.0 0.0 
0.0 0.0 
72.9016571095 72.499960487 
71.7291311304 71.709589676 
65.694183005 15.9005908989 
0.0 0.0 
0.0 0.0 
71.3991897385 71.4835514998 
72.2755239376 72.7949327285 
66.1167427512 19.7520224728 
0.0 0.0 
0.0 0.0 
70.6305219662 70.6818148914 
69.4427519674 68.2841859621 
71.0379971764 35.7958576576 
0.0 0.0 
0.0 0.0 
71.6737879268 21.7558507556 
70.5570389069 56.7235872387 
26.8883987037 72.195628404 
0.0 0.0 
0.0 0.0 
71.9903737965 4.18309219068 
68.023401782 -3.8975683851 
26.3070447748 -39.5590722375 
0.0 0.0 
0.0 0.0 
0.0 0.0 
0.0 0.0 
0.0 0.0 
0.0 0.0 
0.0 0.0 
0.0 0.0 
0.0 0.0 
0.0 0.0 
0.0 0.0 
0.0 0.0 
71.5079956531 72.7689991605 
70.1599059656 72.6677845546 
46.7502141194 70.1994444674 
0.0 18.3291350081 
0.0 0.0 
72.7134548786 72.0208335274 
72.738364064 67.4680739766 
0.0 0.0 
0.0 0.0 
0.0 0.0 
68.3186229543 71.5693995854 
65.9097176855 72.1078138336 
52.8286956673 70.0477620514 
1.44557555318 11.219341378 
0.0 0.0 
72.1918030585 70.7655962836 
71.7891959304 68.6768394308 
0.0 0.0 
0.0 0.0 
0.0 0.0 
58.0816925171 70.1698959385 
43.48510334 70.5260977042 
-13.3023117397 56.6661781261 
-28.9472718236 -35.1058049529 
0.0 0.0 
70.1196160105 41.0574802938 
69.7139110769 16.9577917424 
0.0 0.0 
0.0 0.0 
0.0 0.0 
8.74410141162 42.4665744353 
5.5170550776 56.4642141243 
-84.0038077436 -86.488316389 
-72.2555299831 -73.5144090984 
0.0 0.0 
49.1333495537 2.08557521407 
4.31633561668 6.55908326289 
0.0 0.0 
0.0 0.0 
0.0 0.0 
0.0 0.0 
0.0 0.0 
0.0 0.0 
0.0 0.0 
0.0 0.0 
0.0 0.0 
0.0 0.0 
0.0 0.0 
0.0 0.0 
0.0 0.0 
72.7158030252 72.4197105153 
72.470461301 72.8429958015 
43.8768519529 70.2879208115 
0.0 0.0 
0.0 0.0 
72.769136286 72.5543109482 
72.3295800834 71.8760972107 
21.2207040584 0.0 
0.0 0.0 
0.0 0.0 
72.4836794948 71.1992873394 
71.5826232643 72.8178586014 
52.8876223733 70.8208619494 
0.936932664155 53.3198848923 
0.0 0.0 
71.7139111932 69.9713193977 
69.8174707191 69.1807665313 
63.4727882702 14.3082696083 
0.0 0.0 
0.0 0.0 
70.0457019558 68.0984044061 
69.2765631293 70.3561761295 
67.0018419404 29.133927834 
0.0 0.0 
0.0 0.0 
70.2054167831 66.6603043269 
67.5258055873 54.6476425859 
68.5068662617 21.399979279 
0.0 0.0 
0.0 0.0 
67.9282654918 65.8727937004 
69.0604135836 68.8597850279 
67.0635065802 34.0897250096 
0.0 0.0 
0.0 0.0 
67.5032730707 64.4150685956 
53.8081349133 25.4220854503 
-28.0732235233 -49.8879658161 
0.0 0.0 
0.0 0.0 
0.0 0.0 
0.0 0.0 
0.0 0.0 
0.0 0.0 
0.0 0.0 
0.0 0.0 
0.0 0.0 
0.0 0.0 
0.0 0.0 
0.0 0.0 
70.9165378678 61.5831007437 
56.813388928 72.472178571 
28.9921716727 63.643992202 
5.24205675007 0.0 
0.0 0.0 
1.41247353781 71.0089177816 
8.52261480409 66.5122615862 
0.0 0.0 
0.0 0.0 
0.0 0.0 
70.6859244212 61.0933038151 
58.4623264592 71.5068714252 
0.981327874995 63.3586456262 
-4.34666909406 7.80871015993 
0.0 0.0 
65.6302708309 22.397193459 
46.9105208255 2.6969609204 
0.0 0.0 
0.0 0.0 
0.0 0.0 
66.8841673911 9.78730344345 
24.5524510417 66.0556443061 
-32.1055865361 34.9004667262 
-29.1005450001 -41.19503036 
0.0 0.0 
65.1784404618 5.022056268 
0.0 0.0 
0.0 0.0 
0.0 0.0 
0.0 0.0 
0.0 0.0 
-32.9239686024 8.26972990668 
-78.3642379032 -26.4188095879 
-82.2657968138 -79.7157831849 
0.0 -22.7806250454 
0.0 0.0 
0.0 0.0 
0.0 0.0 
0.0 0.0 
0.0 0.0 
0.0 0.0 
0.0 0.0 
0.0 0.0 
0.0 0.0 
0.0 0.0 
0.0 0.0 
0.0 0.0 
0.0 0.0 
0.0 0.0 
0.0 0.0 
72.314702237 26.9417079695 
67.399521268 72.7688991404 
33.5095063191 69.2797851605 
4.0260847891 1.0232357231 
0.0 0.0 
71.2981489055 23.0990549272 
66.7402027039 8.59515848605 
0.0 0.0 
0.0 0.0 
0.0 0.0 
67.3146280003 70.1794718803 
64.5893800089 72.2874850691 
64.179304157 71.3836041456 
2.98968474882 64.3044959244 
0.0 0.0 
66.6602966328 68.8450829654 
68.4875855035 68.0816416613 
0.0 0.0 
0.0 0.0 
0.0 0.0 
63.1646093754 67.4135888868 
64.7959341739 69.388651108 
66.0452488213 69.9458417126 
0.0 18.508339976 
0.0 0.0 
67.9946694033 61.0500205698 
67.2037815824 59.8165181344 
66.7023638025 16.4825221609 
0.0 0.0 
0.0 0.0 
66.2393453789 64.1177267095 
62.7712737319 66.2676647128 
26.1014149975 70.8467873355 
0.0 0.0 
0.0 0.0 
64.675906603 34.6543812014 
46.5854867301 -10.5969221164 
-51.0 -49.3327160081 
0.0 0.0 
0.0 0.0 
0.0 0.0 
0.0 0.0 
0.0 0.0 
0.0 0.0 
0.0 0.0 
0.0 0.0 
0.0 0.0 
0.0 0.0 
0.0 0.0 
0.0 0.0 
0.0 0.0 
0.0 16.9974515767 
11.4054622442 1.68880128293 
6.06630241889 0.0 
0.0 0.0 
0.0 0.0 
0.0 0.0 
0.0 0.0 
0.0 0.0 
0.0 0.0 
0.0 0.0 
0.0 0.0 
8.02679688943 5.54525156447 
-0.319986930038 11.520066577 
0.0 0.0 
0.0 0.0 
0.0 0.0 
0.0 0.0 
0.0 0.0 
0.0 0.0 
0.0 0.0 
-4.55170984529 18.2949894165 
-7.49100555219 -6.64719495911 
-17.368084929 -1.76437832542 
0.0 0.0 
0.0 0.0 
0.0 0.0 
0.0 0.0 
0.0 0.0 
0.0 0.0 
0.0 0.0 
0.0 0.0 
-38.4640071876 -43.5710712105 
-64.6280755215 -63.1961561762 
0.0 0.0 
0.0 0.0 
0.0 0.0 
0.0 0.0 
0.0 0.0 
0.0 0.0 
0.0 0.0 
0.0 0.0 
0.0 0.0 
0.0 0.0 
0.0 0.0 
0.0 0.0 
0.0 0.0 
0.0 0.0 
0.0 0.0 
0.0 0.0 
0.0 0.0 
0.0 0.0 
0.896627586763 12.6971341161 
2.18197548424 0.0 
0.0 0.0 
0.0 0.0 
0.0 0.0 
0.0 0.0 
0.0 0.0 
0.0 0.0 
3.36824207943 0.0 
31.287217165 2.24420564444 
19.9650966437 2.87423272054 
1.17153621023 5.54794911779 
0.0 0.0 
0.0 0.0 
0.0 0.0 
0.0 0.0 
0.0 0.0 
0.0 0.0 
28.1422198927 64.8656923902 
44.5099380846 66.4366823161 
18.4292254141 3.33335712728 
0.0 0.0 
0.0 0.0 
65.6730993799 22.0676403858 
49.3398226259 13.9022144682 
0.0 0.0 
0.0 0.0 
0.0 0.0 
13.694324772 49.7627940123 
47.170429304 66.2261311005 
0.0 34.4398163541 
0.0 0.0 
0.0 0.0 
26.9463805574 39.2491228234 
4.19201499819 3.86515252412 
0.0 0.0 
0.0 0.0 
0.0 0.0 
0.0 0.0 
0.0 0.0 
0.0 0.0 
0.0 0.0 
0.0 0.0 
0.0 0.0 
0.0 0.0 
0.0 0.0 
0.0 0.0 
0.0 0.0 
0.0 0.0 
0.0 0.0 
0.0 0.0 
0.0 0.0 
0.0 0.0 
0.0 0.0 
0.0 0.0 
0.0 0.0 
0.0 0.0 
0.0 0.0 
0.0 0.0 
0.0 0.0 
0.0 0.0 
0.0 0.0 
0.0 0.0 
0.0 0.0 
0.0 0.0 
0.0 0.0 
0.0 0.0 
0.0 0.0 
0.0 0.0 
0.0 0.0 
0.0 0.0 
0.0 0.0 
0.0 0.0 
0.0 0.0 
0.0 0.0 
0.0 0.0 
0.0 0.0 
0.0 0.0 
0.0 0.0 
0.0 0.0 
0.0 0.0 
0.0 0.0 
0.0 0.0 
0.0 0.0 
0.0 0.0 
0.0 0.0 
0.0 0.0 
0.0 0.0 
0.0 0.0 
0.0 0.0 
0.0 0.0 
0.0 0.0 
0.0 0.0 
0.0 0.0 
0.0 0.0 
0.0 0.0 
0.0 0.0 
0.0 0.0 
0.0 0.0 
0.0 0.0 
0.0 0.0 
0.0 0.0 
0.0 0.0 
0.0 0.0 
0.0 0.0 
0.0 0.0 
0.0 0.0 
0.0 0.0 
0.0 0.0 
0.0 0.0 
0.0 0.0 
0.0 0.0 
0.0 0.0 
0.0 0.0 
0.0 0.0 
0.0 0.0 
0.0 0.0 
0.0 0.0 
0.0 0.0 
0.0 0.0 
0.0 0.0 
0.0 0.0 
0.0 0.0 
0.0 0.0 
0.0 0.0 
0.0 0.0 
0.0 0.0 
0.0 0.0 
0.0 0.0 
0.0 0.0 
0.0 0.0 
0.0 0.0 
0.0 0.0 
0.0 0.0 
0.0 0.0 
0.0 0.0 
0.0 0.0 
0.0 0.0 
0.0 0.0 
0.0 0.0 
0.0 0.0 
0.0 0.0 
0.0 0.0 
0.0 0.0 
0.0 0.0 
0.0 0.0 
0.0 0.0 
0.0 0.0 
68.7227294375 63.4514541323 
65.5247722355 46.9209801292 
29.4768230554 56.4588057693 
10.3786488497 11.482297132 
0.0 0.0 
73.5617701068 66.3804694041 
74.7206669563 63.7103036037 
72.8244455108 22.2345038243 
0.0 0.0 
0.0 0.0 
60.7811856764 72.3572913631 
33.0800644366 65.8034013365 
7.59954428648 58.234534403 
-12.6496875365 5.38075182597 
0.0 0.0 
72.6255043745 62.6407869496 
72.7644443792 60.4400739615 
3.23411191104 67.5621869091 
0.0 0.0 
0.0 0.0 
56.1916660191 49.5702207248 
24.3067088998 57.7932779061 
-10.1951537713 36.7377326435 
-31.4450208821 8.50916425274 
0.0 0.0 
55.4279702619 55.2566530821 
68.2194149278 62.080161651 
17.4591465244 18.711464955 
0.0 0.0 
0.0 0.0 
22.5450590068 50.9307150016 
-14.5964984481 29.1461291273 
-83.8804696017 -59.8041454421 
-88.1921863436 -53.4942665112 
0.0 0.0 
30.5757038762 55.8027245946 
21.1351058869 57.3255009159 
0.0 0.0 
0.0 0.0 
0.0 0.0 
0.0 0.0 
0.0 0.0 
0.0 0.0 
0.0 0.0 
0.0 0.0 
0.0 0.0 
0.0 0.0 
0.0 0.0 
0.0 0.0 
0.0 0.0 
70.0137185385 67.5740453455 
69.6345857604 52.0553726839 
27.4351345638 45.7546600797 
0.0 0.0 
0.0 0.0 
75.0649118668 69.6200622269 
74.8501031293 66.5588715616 
71.1170684006 58.1245921951 
0.0 0.0 
0.0 0.0 
69.7380036346 65.649216418 
41.9662732124 69.4579791261 
65.8579855258 30.9909667658 
0.0 0.0 
0.0 0.0 
75.0364368796 58.3750866626 
74.8537166099 63.7379461001 
71.1234893385 60.0024975869 
0.0 0.0 
0.0 0.0 
74.0408110925 66.9359070493 
50.7700946606 74.0859215626 
65.8128416726 56.638285289 
0.0 0.0 
0.0 0.0 
74.0668024542 67.6741958222 
67.1742205528 61.6352948793 
60.3965761997 38.7094640187 
0.0 0.0 
0.0 0.0 
69.8135763784 37.3246729563 
69.7653378593 46.5392962645 
31.368645562 61.3254823993 
0.0 0.0 
0.0 0.0 
68.8384616476 32.0308463138 
37.0148116733 -47.0830133978 
30.6646191573 -83.073263348 
0.0 0.0 
0.0 0.0 
0.0 0.0 
0.0 0.0 
0.0 0.0 
0.0 0.0 
0.0 0.0 
0.0 0.0 
0.0 0.0 
0.0 0.0 
0.0 0.0 
0.0 0.0 
43.2771787422 66.1242245838 
52.1995113658 33.0356010014 
26.6161701672 52.695710923 
0.0 6.07297975705 
0.0 0.0 
44.4610823911 70.9656227653 
51.8261090098 72.5900295416 
72.319636056 52.1877561009 
0.0 10.9185209686 
0.0 0.0 
23.8335901547 71.5680544701 
28.3065953651 57.6814243975 
13.8936515809 46.5379753291 
1.06857176646 14.4621216118 
0.0 0.0 
49.6590789359 72.12022459 
58.4731739991 72.2630971445 
72.4654430823 57.1844929504 
0.0 0.0 
0.0 0.0 
22.3597669794 58.4233917494 
8.80499996532 43.8041167592 
-23.4600612527 23.5523009381 
-45.2035026913 6.23046241424 
0.0 0.0 
26.416198267 57.9652065607 
63.200838957 43.1896707465 
64.1716800886 65.6097637732 
0.0 0.0 
0.0 0.0 
23.3123376034 47.7202433714 
-36.7961066554 20.5109098387 
-69.7094018073 -8.02767851055 
-87.5820062857 -86.5337520086 
0.0 0.0 
29.1980328102 36.3896110578 
50.943229391 41.1585038022 
20.5829119153 48.3963140953 
0.0 0.0 
0.0 0.0 
0.0 0.0 
0.0 0.0 
0.0 0.0 
0.0 0.0 
0.0 0.0 
0.0 0.0 
0.0 0.0 
0.0 0.0 
0.0 0.0 
0.0 0.0 
64.1628723889 33.9411479082 
54.8722825009 34.728573323 
26.5185750022 45.3853815276 
0.0 0.0 
0.0 0.0 
65.0189456928 42.8144427031 
46.1071319567 72.8206951641 
43.1292161858 73.0394085288 
0.0 0.0 
0.0 0.0 
39.2095711277 70.5532136562 
36.4319506892 66.6578814045 
38.4773865327 52.3428197834 
0.0 0.0 
0.0 0.0 
42.3918496289 72.3320654926 
51.4704487728 73.031908776 
49.6321308429 72.9051523121 
0.0 0.0 
0.0 0.0 
73.8532494983 38.7176833066 
47.3298765288 73.172679411 
23.0049102723 62.5085347767 
0.0 0.0 
0.0 0.0 
74.123533044 58.8926384532 
73.6340760673 59.5266311119 
71.409384616 39.7190500312 
19.1636253109 0.0 
0.0 0.0 
66.9372682242 24.4090952464 
38.8481653143 65.9599546068 
9.00346870061 27.316681173 
0.0 0.0 
0.0 0.0 
68.562895015 20.3695203746 
53.1949885498 4.48706321174 
31.8660523407 -73.5707745329 
-70.0562926371 -65.4873980731 
0.0 0.0 
0.0 0.0 
0.0 0.0 
0.0 0.0 
0.0 0.0 
0.0 0.0 
0.0 0.0 
0.0 0.0 
0.0 0.0 
0.0 0.0 
0.0 0.0 
52.1775769138 27.019168492 
29.4076800382 47.0084912567 
18.2060442802 35.8598830355 
0.0 0.0 
0.0 0.0 
33.0161081242 46.0411905564 
22.1563437987 72.6602362768 
44.0212424906 72.8385192581 
20.2918070629 0.0 
0.0 0.0 
56.6056679414 5.37475185447 
8.93006778809 41.6420264806 
-3.02170869163 35.5335156533 
0.0 0.0 
0.0 0.0 
59.7749824652 5.74121298251 
34.669767837 71.8920255808 
71.5731099928 14.0623800124 
0.0 0.926601005585 
0.0 0.0 
4.8110105266 53.6712925571 
20.8130180606 0.306979515812 
-12.3391346248 10.6231717012 
-30.7274561646 -30.2285408079 
0.0 0.0 
14.3706916862 56.1775298111 
15.2430653762 63.6396493702 
63.3873494 23.7150236654 
21.1853360773 0.0 
0.0 0.0 
-25.8812429365 12.7540005862 
-52.5936453904 -7.34393047088 
-72.9343039535 -19.8097807661 
-75.016279974 -65.8479614628 
0.0 0.0 
-6.31853141761 30.901392952 
-7.19235945855 35.4712137179 
40.4786056506 1.90977366241 
0.0 0.0 
0.0 0.0 
0.0 0.0 
0.0 0.0 
0.0 0.0 
0.0 0.0 
0.0 0.0 
0.0 0.0 
0.0 0.0 
0.0 0.0 
0.0 0.0 
0.0 0.0 
16.578242636 56.9691892188 
44.1739122652 16.7510750815 
39.9840329035 -0.984126547404 
0.0 0.0 
0.0 0.0 
56.0289530638 32.4427782238 
71.6828713583 23.0245941205 
73.0635484718 30.5929588992 
19.5640105912 20.7494913265 
0.0 0.0 
61.12697684 37.8533605172 
52.1682981964 21.397959979 
46.2842990024 35.5727287035 
0.0 0.0 
0.0 0.0 
67.0137604624 16.4195558851 
39.820458271 72.8907056741 
73.1251528516 49.5896157136 
41.4239264886 4.69571807076 
0.0 0.0 
61.4757142161 27.2933340829 
3.1647110538 52.8371593447 
19.2113846355 44.8566515387 
0.0 0.0 
0.0 0.0 
57.8552941939 39.5427457076 
73.5833923587 47.5284133094 
73.0867212676 32.845049378 
40.726702804 -13.1033312941 
0.0 0.0 
53.4355298658 0.351827576796 
48.2942817172 10.4647131856 
8.56638017632 20.4232452383 
0.0 0.0 
0.0 0.0 
22.0701609571 -15.4997820798 
43.6329660525 -27.5631424458 
23.77935086 -60.2335017479 
-84.2852429681 -91.3070975907 
0.0 0.0 
0.0 0.0 
0.0 0.0 
0.0 0.0 
0.0 0.0 
0.0 0.0 
0.0 0.0 
0.0 0.0 
0.0 0.0 
0.0 0.0 
0.0 0.0 
-19.4981412772 33.6927864726 
26.069273308 -24.3101314869 
12.4695926787 -19.1161553351 
0.0 0.0 
0.0 0.0 
-15.3679273139 21.350108334 
9.023660652 15.112546445 
2.92016148919 24.321841108 
25.9909735564 1.45622560607 
0.0 0.0 
40.2967562793 -23.1648367323 
19.545389057 -3.59832406223 
9.64785058203 5.2560302916 
0.0 0.0 
0.0 0.0 
44.7817253367 -14.0354371501 
46.4188390604 -5.27961813138 
1.67659974825 34.6760501373 
-6.74987583468 22.089172954 
0.0 0.0 
8.82291731964 -14.5323708289 
-7.59689768255 -31.0601993975 
-25.4417466309 -24.5989609652 
0.0 0.0 
0.0 0.0 
-21.6481281178 15.8600596136 
12.2477437915 -25.3539788531 
26.3994105842 -12.6272896159 
16.7376322008 1.75569859528 
0.0 0.0 
-39.6587921118 -21.1353255194 
-63.2442260699 -40.458552723 
-46.2620072872 -63.9860976228 
0.0 0.0 
0.0 0.0 
-43.4098605189 -0.834968046808 
-24.4841184628 12.4882206208 
-3.86212769322 -16.7271956693 
0.0 0.0 
0.0 0.0 
0.0 0.0 
0.0 0.0 
0.0 0.0 
0.0 0.0 
0.0 0.0 
0.0 0.0 
0.0 0.0 
0.0 0.0 
0.0 0.0 
0.0 0.0 
33.4313774381 14.6950731003 
27.153761025 -10.5568961267 
15.544984693 4.84654113866 
0.0 0.0 
0.0 0.0 
34.6082941913 9.3955712825 
42.9252412773 3.76215412548 
52.4950877591 18.1933227509 
27.6015729857 1.69798620532 
0.0 0.0 
43.4967682759 17.000247162 
32.6688151145 6.42973856488 
0.0 4.40880522071 
0.0 0.0 
0.0 0.0 
49.2807043655 15.6563795272 
50.1778921012 20.1238318758 
22.7807617496 -3.83308343524 
-3.30420089348 -9.23307699637 
0.0 0.0 
-20.7228376108 38.1366525704 
-10.6121428144 34.8331519931 
0.0 0.0 
0.0 0.0 
0.0 0.0 
32.9190871483 1.20393992856 
22.6654618649 -13.541939424 
25.5272204048 -16.6069528849 
4.88229221414 -71.2281741652 
0.0 0.0 
-39.4182708011 -19.2558652598 
14.5675622506 0.0 
0.0 0.0 
0.0 0.0 
0.0 0.0 
23.8535927284 -13.0045653907 
-78.0461720986 -57.7390255424 
-8.46810404373 -92.866109211 
-94.3757024874 -93.5338358349 
-30.0 0.0 
0.0 0.0 
0.0 0.0 
0.0 0.0 
0.0 0.0 
0.0 0.0 
0.0 0.0 
0.0 0.0 
0.0 0.0 
0.0 0.0 
0.0 0.0 
0.0 0.0 
0.0 0.0 
0.0 0.0 
0.0 0.0 
0.0 0.0 
0.0 0.0 
6.16254748498 13.6901241884 
-15.1949876246 -9.579747296 
-11.6917973293 -7.69956270621 
0.0 0.0 
0.0 0.0 
0.0 0.0 
0.0 0.0 
0.0 0.0 
0.0 0.0 
0.0 0.0 
-23.6998309751 2.2115468098 
-19.2552234078 -2.79011209557 
17.8527182712 -25.7532226014 
0.0 0.0 
0.0 0.0 
0.0 0.0 
0.0 0.0 
0.0 0.0 
0.0 0.0 
-3.07973312901 0.0 
-18.6384893815 -12.7108869119 
-39.2990455386 -49.84942463 
0.0 0.0 
0.0 0.0 
-8.42371812743 0.0 
-7.87968071755 -28.4280944513 
0.0 0.0 
0.0 0.0 
0.0 0.0 
1.08821494087 0.181737320249 
-24.3004336979 -2.85545311858 
-2.53921138872 -0.968230900858 
0.0 0.0 
0.0 0.0 
0.0 0.0 
0.0 0.0 
0.0 0.0 
0.0 0.0 
0.0 0.0 
0.0 0.0 
0.0 0.0 
0.0 0.0 
0.0 0.0 
0.0 0.0 
0.0 0.0 
0.0 0.0 
0.0 0.0 
0.0 0.0 
0.0 0.0 
0.0 0.0 
20.449337028 -4.95561413733 
-18.0535673841 -15.8846522056 
13.4826833472 -23.728647425 
0.0 0.0 
0.0 0.0 
0.0 0.0 
0.0 0.0 
0.0 0.0 
0.0 0.0 
0.0 0.0 
18.3317474184 1.21428071877 
-13.4952017734 -53.2651819554 
-13.3232116892 -37.4402454339 
0.0 0.0 
0.0 0.0 
0.0 0.0 
0.0 0.0 
0.0 0.0 
0.0 0.0 
0.0 0.0 
-26.9072128864 -15.5045223866 
-8.92151141522 -66.0353303082 
-65.2889387559 -66.6750200284 
0.0 0.0 
0.0 0.0 
0.0 0.0 
0.0 0.0 
0.0 0.0 
0.0 0.0 
0.0 0.0 
0.0 0.0 
-59.9850987201 -40.1819481115 
-95.170785913 -95.1917947526 
-45.2465227542 0.0 
0.0 0.0 
0.0 0.0 
0.0 0.0 
0.0 0.0 
0.0 0.0 
0.0 0.0 
0.0 0.0 
0.0 0.0 
0.0 0.0 
0.0 0.0 
69.7868053127 73.3879735157 
72.3440292616 64.3986786727 
36.4104001713 61.2308408611 
0.0 0.0 
0.0 0.0 
72.5826248114 74.7060585327 
72.4577412086 71.7967313865 
48.3425851059 16.9142745706 
0.0 0.0 
0.0 0.0 
66.0130905089 70.9581762603 
61.5279582393 72.6149317242 
18.9304967703 62.0909977461 
6.70300513641 22.3671112451 
0.0 0.0 
69.5919239835 72.2406881066 
72.9181068921 71.8236020295 
60.7790676089 7.42414530973 
0.0 0.0 
0.0 0.0 
58.1313457546 58.3217988939 
33.9808665798 56.3589641336 
-24.5874644326 30.7993170419 
-58.7608290193 -38.3552449659 
0.0 0.0 
65.9048837149 69.5465446425 
72.1556869329 71.5624736409 
12.2775482517 21.6377043094 
0.0 0.0 
0.0 0.0 
19.3300623099 66.8032138836 
-50.3630378145 42.2845917128 
-92.5481153579 -90.3013871248 
-65.0075251988 -72.6525549427 
0.0 0.0 
-7.8109493355 61.7742298783 
36.0161996802 63.6241338965 
0.0 0.0 
0.0 0.0 
0.0 0.0 
0.0 0.0 
0.0 0.0 
0.0 0.0 
0.0 0.0 
0.0 0.0 
0.0 0.0 
0.0 0.0 
0.0 0.0 
0.0 0.0 
0.0 0.0 
70.9252642419 74.8610363199 
73.6435356744 65.6349867608 
33.8385689212 56.6119704943 
0.0 0.0 
0.0 0.0 
75.041555408 73.2280566899 
71.3301294185 74.7805248551 
31.1375325367 70.7460002641 
0.0 0.0 
0.0 0.0 
70.8100188979 74.9740553195 
74.5637167953 64.7759801399 
65.2568842513 52.2151234782 
0.0 0.0 
0.0 0.0 
74.7396904364 71.5683004726 
74.7415827282 70.439596112 
69.0730448182 50.7971618056 
0.0 0.0 
0.0 0.0 
73.9890367967 69.1805974851 
74.0519506441 68.2105544077 
57.6437464712 64.9533955737 
0.0 0.0 
0.0 0.0 
70.6908271301 67.0029570026 
68.1282728812 61.3393837661 
66.574991344 33.5371114213 
0.0 0.0 
0.0 0.0 
69.3670630614 41.3014673266 
69.7677927755 64.8933542098 
33.8346847238 70.943144763 
0.0 0.0 
0.0 0.0 
62.2412150687 10.0386515629 
31.556197215 -53.9306177192 
11.4612545898 -73.6075288571 
0.0 0.0 
0.0 0.0 
0.0 0.0 
0.0 0.0 
0.0 0.0 
0.0 0.0 
0.0 0.0 
0.0 0.0 
0.0 0.0 
0.0 0.0 
0.0 0.0 
0.0 0.0 
71.7358161117 72.9409915896 
62.7519120212 72.5729675751 
38.6191482584 70.0069995215 
-0.302705082718 19.5588776232 
0.0 0.0 
70.6188533882 71.8906730508 
71.2711261706 68.3128361937 
28.7086809754 66.0001365786 
0.0 0.0 
0.0 0.0 
72.0176862652 73.0175206821 
54.8008363368 72.1942713939 
15.5031183821 68.8315840305 
3.10201541893 9.30704211116 
0.0 0.0 
70.2022150153 73.0550390276 
72.9876470804 71.9320073651 
59.8108244799 7.28504895074 
0.0 0.0 
0.0 0.0 
64.5370365339 71.4957143944 
42.0319128314 53.3610260358 
-6.10214171007 51.3664784597 
-63.8647875551 -43.6857239579 
0.0 0.0 
67.273609095 71.6727182847 
70.7988259169 68.5852087732 
31.0168482774 51.1590669104 
0.0 0.0 
0.0 0.0 
-30.0141346147 64.6679616681 
-27.3754152348 32.4355588389 
-90.2874666909 -68.7708741705 
-94.6160581725 -92.9520719811 
0.0 0.0 
18.2229823232 64.6767456915 
63.3492974393 25.2028214373 
0.0 0.0 
0.0 0.0 
0.0 0.0 
0.0 0.0 
0.0 0.0 
0.0 0.0 
0.0 0.0 
0.0 0.0 
0.0 0.0 
0.0 0.0 
0.0 0.0 
0.0 0.0 
0.0 0.0 
72.0965353332 75.0296259376 
68.3536377304 74.6203547637 
41.3699410685 65.8818840627 
3.15766507814 0.0 
0.0 0.0 
70.1307319336 74.6663292525 
72.6003267398 69.0209063984 
67.9161906861 15.251069531 
0.0 0.0 
0.0 0.0 
74.7056193603 72.6120099117 
72.7436484151 74.6513918037 
52.7730363364 74.426574062 
1.43791409813 0.0 
0.0 0.0 
74.7385779935 70.7155114712 
66.9864221842 70.4198280339 
65.4541412035 37.4624675273 
0.0 0.0 
0.0 0.0 
70.3652866628 68.2203814731 
74.1472922029 69.5800205756 
67.7298927072 74.3437045159 
0.0 0.0 
0.0 0.0 
70.3335027245 65.3163035824 
67.6219888148 58.4391418756 
68.7337568432 -3.94172367701 
0.0 0.0 
0.0 0.0 
67.9444450859 61.6321735297 
70.7960972069 67.0775478124 
61.8780575559 70.1796570366 
0.0 0.0 
0.0 0.0 
34.6258207242 23.7055913467 
20.9013164512 6.69746635519 
-3.14861092898 -55.2354231133 
0.0 0.0 
0.0 0.0 
0.0 0.0 
0.0 0.0 
0.0 0.0 
0.0 0.0 
0.0 0.0 
0.0 0.0 
0.0 0.0 
0.0 0.0 
0.0 0.0 
0.0 0.0 
65.9767734208 69.2020620681 
66.5412218584 72.5176240202 
60.646228448 69.7094517785 
9.39402837974 21.6194814818 
0.0 0.0 
70.060215684 61.360813427 
28.3737534297 65.7502664 
55.8293884548 16.7866826467 
0.0 0.0 
0.0 0.0 
68.4035661375 63.9368173965 
64.2521410309 72.0722009666 
23.2335129898 65.1064411462 
-14.0603415157 10.7869597006 
0.0 0.0 
69.7304682842 63.6531960517 
38.0787405501 61.9591535425 
15.1165875522 58.8778692626 
0.0 0.0 
0.0 0.0 
42.0417933109 64.8513006126 
50.3340444711 64.7910395368 
-24.934940133 15.0801004067 
-55.629644305 -45.5003379246 
0.0 0.0 
50.5711497413 62.7014910138 
21.5457650562 59.7558121279 
61.4069249846 7.87753740926 
0.0 0.0 
0.0 0.0 
-1.92927335435 56.8938280047 
-42.017902397 44.2026783885 
-87.8483295097 -40.0627184382 
-91.8349331548 -92.5362927138 
0.0 0.0 
2.20269189208 57.8558020397 
53.0946779876 14.3830768717 
0.0 0.0 
0.0 0.0 
0.0 0.0 
0.0 0.0 
0.0 0.0 
0.0 0.0 
0.0 0.0 
0.0 0.0 
0.0 0.0 
0.0 0.0 
0.0 0.0 
0.0 0.0 
0.0 0.0 
70.4939005429 64.7347597943 
66.3810053463 70.505508298 
65.1368596168 70.4270916187 
0.0 22.5238455822 
0.0 0.0 
69.6692645672 64.2628629426 
59.6139193897 54.2142560485 
8.26301146467 7.39879401094 
0.0 0.0 
0.0 0.0 
61.3233278514 69.222030871 
65.6288751211 71.7065957052 
63.6110704521 71.6776581721 
0.931336931021 38.8014701597 
0.0 0.0 
64.9481960887 68.3840843838 
65.8586030537 61.6176194562 
62.411091052 4.55994292726 
0.0 0.0 
0.0 0.0 
68.575612756 64.4427617322 
65.9452440563 69.9514328614 
61.5923003967 73.1582727426 
0.0 0.0 
0.0 0.0 
60.5314661471 64.8405323389 
64.3801246632 55.4470910791 
58.016462051 11.6059868202 
0.0 0.0 
0.0 0.0 
63.4119791773 44.9751005901 
58.7106912227 62.7958420113 
63.3904109966 69.7616584546 
0.0 0.0 
0.0 0.0 
62.5943708017 53.8929567041 
60.7858773092 -18.9946570657 
-10.2738583817 -64.7341712919 
0.0 0.0 
0.0 0.0 
0.0 0.0 
0.0 0.0 
0.0 0.0 
0.0 0.0 
0.0 0.0 
0.0 0.0 
0.0 0.0 
0.0 0.0 
0.0 0.0 
0.0 0.0 
25.8240038018 9.23268394232 
59.7889659121 40.2773917742 
50.0425112369 63.2820993204 
12.7252002196 58.4988407394 
0.0 0.0 
0.0 0.0 
0.0 0.0 
0.0 0.0 
0.0 0.0 
0.0 0.0 
0.0 0.0 
61.5969720849 20.1572646821 
41.2949777914 60.8464213083 
-0.0527614143918 28.254681575 
0.0 0.0 
0.0 0.0 
0.0 0.0 
0.0 0.0 
0.0 0.0 
0.0 0.0 
13.2252713533 0.0 
24.4428873986 62.9578164127 
3.81985734703 62.8933244668 
-38.7597763352 -13.1801305841 
0.0 0.0 
0.0 0.0 
0.0 0.0 
0.0 0.0 
0.0 0.0 
0.0 0.0 
0.0 0.0 
-8.98908909622 23.2531226232 
-72.488927762 -68.7144275809 
-90.1221785848 -91.3992607791 
0.0 0.0 
0.0 0.0 
0.0 0.0 
0.0 0.0 
0.0 0.0 
0.0 0.0 
0.0 0.0 
0.0 0.0 
0.0 0.0 
0.0 0.0 
0.0 0.0 
0.0 0.0 
0.0 0.0 
0.0 0.0 
0.0 0.0 
0.0 0.0 
58.4760975582 10.0258241456 
57.1836424613 51.8005729369 
34.845405179 61.9946296635 
17.2728583145 17.7855642815 
0.0 0.0 
0.0 9.6171861373 
0.0 0.0 
0.0 0.0 
0.0 0.0 
0.0 0.0 
24.5277479462 63.6197725349 
59.9919401101 55.7283925578 
56.4363713448 58.5825000022 
0.858161965633 63.7494700167 
0.0 0.0 
60.0912217522 12.0792718485 
0.0 0.0 
0.0 0.0 
0.0 0.0 
0.0 0.0 
56.216711735 53.6288163064 
56.4773115281 51.538634029 
52.936260938 55.9071386534 
0.0 0.0 
0.0 0.0 
54.9449415514 52.5670428984 
3.00829485196 42.2183225416 
0.0 0.0 
0.0 0.0 
0.0 0.0 
56.1434261789 51.6728394569 
55.3783520037 48.3407142291 
17.8690421888 58.3839188521 
0.0 0.0 
0.0 0.0 
55.4179083965 39.423284393 
56.1410459272 -22.8940260449 
0.0 0.0 
0.0 0.0 
0.0 0.0 
0.0 0.0 
0.0 0.0 
0.0 0.0 
0.0 0.0 
0.0 0.0 
0.0 0.0 
0.0 0.0 
0.0 0.0 
0.0 0.0 
0.0 0.0 
0.0 0.0 
0.0 0.0 
0.0 0.0 
0.0 0.0 
0.0 0.0 
0.0 0.0 
0.0 0.0 
0.0 0.0 
0.0 0.0 
0.0 0.0 
0.0 0.0 
0.0 0.0 
0.0 0.0 
0.0 0.0 
0.0 0.0 
0.0 0.0 
0.0 0.0 
0.0 0.0 
0.0 0.0 
0.0 0.0 
0.0 0.0 
0.0 0.0 
0.0 0.0 
0.0 0.0 
0.0 0.0 
0.0 0.0 
0.0 0.0 
0.0 0.0 
0.0 0.0 
0.0 0.0 
0.0 0.0 
0.0 0.0 
0.0 0.0 
0.0 0.0 
0.0 0.0 
0.0 0.0 
0.0 0.0 
0.0 0.0 
0.0 0.0 
0.0 0.0 
0.0 0.0 
0.0 0.0 
0.0 0.0 
0.0 0.0 
0.0 0.0 
0.0 0.0 
0.0 0.0 
0.0 0.0 
0.0 0.0 
0.0 0.0 
0.0 0.0 
0.0 0.0 
0.0 0.0 
0.0 0.0 
0.0 0.0 
0.0 0.0 
0.0 0.0 
0.0 0.0 
0.0 0.0 
0.0 0.0 
0.0 0.0 
0.0 0.0 
0.858145097334 17.9154808053 
0.827366868736 14.1818408552 
0.0 0.0 
0.0 0.0 
0.0 0.0 
0.0 0.0 
0.0 0.0 
0.0 0.0 
0.0 0.0 
0.0 0.0 
3.64356690596 40.2748335986 
0.0 0.0 
0.0 0.0 
0.0 0.0 
0.0 0.0 
0.0 0.0 
0.0 0.0 
0.0 0.0 
0.0 0.0 
0.0 0.0 
5.69259884047 0.0 
0.0 0.0 
0.0 0.0 
0.0 0.0 
0.0 0.0 
0.0 0.0 
0.0 0.0 
0.0 0.0 
0.0 0.0 
0.0 0.0 
0.0 0.0 
0.0 0.0 
0.0 0.0 
0.0 0.0 
0.0 0.0 
0.0 0.0 
0.0 0.0 
0.0 0.0 
72.6786930071 69.4296286662 
73.3883654587 68.9193394624 
57.0006144282 11.807867443 
0.0 0.0 
0.0 0.0 
73.0944007692 69.9017933797 
71.5098177416 63.9462658477 
59.367654282 61.6600289456 
7.44650466128 18.8679259525 
0.0 0.0 
73.919961758 69.7075846283 
66.4052286944 72.7304015798 
45.0739030859 15.6972013764 
0.0 9.13605543921 
0.0 0.0 
74.0374573034 71.2738685638 
73.9282088298 69.3647929746 
70.7462348199 57.805227901 
8.3914811127 22.2539365873 
0.0 0.0 
67.953349256 72.8971938374 
64.9509642957 69.6414838756 
11.6860029271 51.515951234 
3.45740227405 10.5210090159 
0.0 0.0 
73.34122238 70.5629452861 
73.8939686432 68.4210128894 
71.8959984101 62.5206927843 
0.0 0.0 
0.0 0.0 
37.4834864453 66.171436923 
9.28051761013 64.5696678656 
-83.1597177634 -25.4135236036 
-21.2710542763 0.0 
0.0 0.0 
57.9329039623 65.9674963748 
64.6720069747 69.3831944592 
70.9528532706 21.0405607696 
0.0 0.0 
0.0 0.0 
0.0 0.0 
0.0 0.0 
0.0 0.0 
0.0 0.0 
0.0 0.0 
0.0 0.0 
0.0 0.0 
0.0 0.0 
0.0 0.0 
0.0 0.0 
72.9067039643 71.3104547519 
72.6238948633 70.6877810976 
19.5692196105 56.3343862783 
0.0 0.0 
0.0 0.0 
72.9002330941 67.9174213015 
60.4840297133 65.0022693191 
57.8892755483 57.5815587782 
9.67818416371 0.0 
0.0 0.0 
70.9754120953 69.9298245922 
72.5138529487 70.1562603652 
29.678877199 61.5565524761 
0.0 0.0 
0.0 0.0 
71.4104602741 68.8133984334 
59.7196513534 66.5805101211 
63.4530237825 53.0240604154 
0.14893242881 10.2530456694 
0.0 0.0 
71.975751773 70.3619493186 
71.8286449966 70.0530984973 
44.6411853468 19.7111240867 
0.0 0.0 
0.0 0.0 
64.1062302778 68.5500911469 
60.9727150981 49.560960167 
58.4863841887 15.8437183982 
0.414640097356 -44.2230156306 
0.0 0.0 
64.2976589197 14.0005148421 
64.3505947897 26.0268296805 
0.0 0.0 
0.0 0.0 
0.0 0.0 
0.13450103731 29.7325229474 
32.8627836687 -40.10617167 
-19.8307215042 -90.8881145389 
-86.6154241329 -88.2351 
0.0 0.0 
0.0 0.0 
0.0 0.0 
0.0 0.0 
0.0 0.0 
0.0 0.0 
0.0 0.0 
0.0 0.0 
0.0 0.0 
0.0 0.0 
0.0 0.0 
72.2610495796 65.5367855974 
66.4578845584 71.5270003479 
55.0378191255 1.32913643878 
0.0 0.0 
0.0 0.0 
68.5634052806 71.227548998 
70.9477936578 67.4153865717 
60.3806596872 57.6808800459 
11.9111270826 28.1879065642 
0.0 0.0 
70.266556005 72.6668820279 
65.2796014092 70.8427280063 
20.6499407084 59.0983751359 
0.0 0.0 
0.0 0.0 
70.2951348553 72.6030921252 
72.5911729896 69.9911257974 
66.0770155515 61.2467037731 
42.0433296568 7.91290908208 
0.0 0.0 
66.2503951268 71.9144593713 
60.4058869698 68.0527157536 
-23.631495889 38.9697980612 
0.0 0.0 
0.0 0.0 
67.0544707691 72.8481702961 
72.9900222904 67.8730722236 
67.8267857676 63.7792494417 
0.0 0.0 
0.0 0.0 
15.5203049034 66.0370565484 
-20.7693207368 65.030890211 
-72.2060881045 -21.0708506115 
0.0 0.0 
0.0 0.0 
51.2339546783 67.3893219547 
68.1383178875 57.5194716263 
39.5700561561 69.3813175702 
0.0 0.0 
0.0 0.0 
0.0 0.0 
0.0 0.0 
0.0 0.0 
0.0 0.0 
0.0 0.0 
0.0 0.0 
0.0 0.0 
0.0 0.0 
0.0 0.0 
0.0 0.0 
69.9882758009 66.0834839378 
60.8993045562 70.3423279765 
48.4683449896 12.8600524841 
0.0 0.0 
0.0 0.0 
68.0458409411 70.9601917123 
71.1290912019 66.2361603431 
62.1118980678 58.2605864672 
52.0574115201 16.2322905156 
0.0 0.0 
71.9649468555 65.2570018937 
66.5448011339 71.1406771586 
62.1255273721 28.7959827539 
0.0 0.0 
0.0 0.0 
71.6348226337 68.6330372884 
70.4710451486 67.3145127582 
64.9124988704 51.5200001129 
36.7065112587 15.5187693504 
0.0 0.0 
69.5540069693 63.986285998 
65.3998709474 69.6251410323 
6.70655790068 0.0 
0.0 0.0 
0.0 0.0 
71.4715122688 64.2818286124 
69.4997005316 57.2289702539 
61.2157540955 24.6218049176 
2.66490757367 -41.5141676474 
0.0 0.0 
66.6905086642 1.12582972814 
9.91444174013 64.6241336569 
0.0 0.0 
0.0 0.0 
0.0 0.0 
66.8263759856 7.36940577139 
45.3705119577 -49.1803031315 
-42.4742478715 -92.9795303309 
-92.8475283838 -90.8828314955 
0.0 0.0 
0.0 0.0 
0.0 0.0 
0.0 0.0 
0.0 0.0 
0.0 0.0 
0.0 0.0 
0.0 0.0 
0.0 0.0 
0.0 0.0 
0.0 0.0 
66.1631773142 62.5618603492 
57.8099254361 65.5953607716 
16.9416446043 57.8672572222 
0.0 0.0 
0.0 0.0 
62.6718080884 63.5632500785 
64.1940799919 68.6452357271 
68.8394455445 54.2320267477 
12.6166502629 0.0 
0.0 0.0 
61.371916804 66.0387988469 
57.4848880128 60.1602174638 
0.906024937534 20.6267639521 
0.0 0.0 
0.0 0.0 
59.5626952898 63.1491368209 
57.4097754756 67.7676238537 
67.7891865939 57.6690903538 
61.2533420793 1.71804723399 
0.0 0.0 
54.3029164693 62.6404516814 
41.3578362528 55.5595611642 
1.31300283428 32.1325387668 
0.0 0.0 
0.0 0.0 
62.5545248676 58.8831157744 
59.399682069 66.18934054 
54.5369453507 66.5731565025 
34.0670571282 0.0 
0.0 0.0 
8.21281911105 59.7785201624 
-14.0904044322 47.0029828434 
-45.1497497565 -53.6023724923 
0.0 0.0 
0.0 0.0 
48.4248995023 64.0261901512 
50.0921802898 65.2487228911 
62.4258765255 59.2363497653 
0.0 0.0 
0.0 0.0 
0.0 0.0 
0.0 0.0 
0.0 0.0 
0.0 0.0 
0.0 0.0 
0.0 0.0 
0.0 0.0 
0.0 0.0 
0.0 0.0 
0.0 0.0 
67.5296616571 60.7321438402 
63.7966933532 18.9915737494 
1.59080370875 29.9200449945 
0.0 0.0 
0.0 0.0 
58.9329059442 67.6538148698 
70.1181046382 60.7680071024 
69.1856001036 57.3359091988 
58.3685250896 1.37300117913 
0.0 0.0 
69.052930821 60.3434817335 
57.4921991335 68.2903749426 
0.0 28.5014014974 
0.0 0.0 
0.0 0.0 
60.5268073776 69.7111417294 
69.9416988932 61.6542136576 
64.1128178197 45.9242086098 
51.5063674924 -1.35484795154 
0.0 0.0 
69.6513648429 59.8539333164 
62.2061150102 68.3848097588 
0.0 0.0 
0.0 0.0 
0.0 0.0 
69.8856103858 60.3769770069 
69.043953602 44.0424529428 
45.1125815541 11.9671298667 
-6.08443066057 -50.7953848871 
0.0 0.0 
43.0698174674 18.0148693361 
26.3169387982 16.1116086271 
0.0 0.0 
0.0 0.0 
0.0 0.0 
42.8036539613 -7.12068525822 
1.28869690715 -42.2510437258 
-10.216600815 -74.6500833539 
-66.1670144103 -90.2847402052 
0.0 0.0 
0.0 0.0 
0.0 0.0 
0.0 0.0 
0.0 0.0 
0.0 0.0 
0.0 0.0 
0.0 0.0 
0.0 0.0 
0.0 0.0 
0.0 0.0 
0.0 0.0 
0.0 0.0 
0.0 0.0 
0.0 0.0 
0.0 0.0 
0.0 0.0 
40.2039893819 59.7296319803 
66.3929304893 50.4143297348 
2.90112397258 10.4783195452 
0.0 0.0 
15.5765832831 32.4122287211 
0.0 0.0 
0.0 0.0 
0.0 0.0 
0.0 0.0 
16.6915762499 60.5132902685 
56.9245424942 60.9222092649 
67.3660629709 51.2708054377 
1.26327686866 32.4822918549 
0.0 0.0 
51.245821492 38.2996909967 
0.220985838164 46.1265791045 
0.0 0.0 
0.0 0.0 
0.0 0.0 
36.2315347124 61.3244459623 
60.0440488887 43.6612311773 
66.4583229336 46.8112076633 
0.0 0.0 
0.0 0.0 
10.4300469669 42.8439985792 
-22.508657584 32.7044398589 
0.0 0.0 
0.0 0.0 
0.0 0.0 
7.13192723405 41.6959619104 
46.5184721109 17.1141652937 
18.3769874681 52.4757459304 
0.0 0.0 
0.0 0.0 
0.0 0.0 
0.0 0.0 
0.0 0.0 
0.0 0.0 
0.0 0.0 
0.0 0.0 
0.0 0.0 
0.0 0.0 
0.0 0.0 
0.0 0.0 
0.0 6.29132203106 
0.0 0.0 
0.0 0.0 
0.0 0.0 
0.0 0.0 
0.0 0.0 
65.0855541455 35.7972024104 
65.321283154 42.0866761654 
48.8599596059 -0.654264474407 
0.0 0.0 
17.5620226569 0.0 
0.0 0.0 
0.0 0.0 
0.0 0.0 
0.0 0.0 
60.5759175792 23.7709376803 
64.6945934397 54.032267936 
57.5930097454 35.1033572112 
38.4217365384 -10.6996684749 
0.0 0.0 
0.0 0.0 
0.0 0.0 
0.0 0.0 
0.0 0.0 
0.0 0.0 
0.0 10.9044517245 
60.82409595 9.26156054427 
33.4613312492 -38.1245659831 
-19.5223752859 -44.7926877523 
0.0 0.0 
0.0 0.0 
0.0 0.0 
0.0 0.0 
0.0 0.0 
0.0 0.0 
0.0 0.0 
0.0 -6.66387642409 
-38.2868180767 -54.4920760394 
-92.8746962855 -90.613753704 
0.0 -51.0 
0.0 0.0 
0.0 0.0 
0.0 0.0 
0.0 0.0 
0.0 0.0 
0.0 0.0 
0.0 0.0 
0.0 0.0 
0.0 0.0 
0.0 0.0 
0.0 0.0 
0.0 0.0 
0.0 0.0 
0.0 0.0 
0.0 0.0 
0.0 0.0 
0.0 0.0 
0.0 0.0 
0.0 0.0 
0.0 0.0 
0.0 0.0 
0.0 0.0 
0.0 0.0 
0.0 0.0 
0.0 0.0 
0.0 0.0 
0.0 0.0 
0.0 0.0 
0.0 0.0 
0.0 0.0 
0.0 0.0 
0.0 0.0 
0.0 0.0 
0.0 0.0 
0.0 0.0 
0.0 0.0 
0.0 0.0 
0.0 0.0 
0.0 0.0 
0.0 0.0 
0.0 0.0 
0.0 0.0 
0.0 0.0 
0.0 0.0 
0.0 0.0 
0.0 0.0 
0.0 0.0 
0.0 0.0 
0.0 0.0 
0.0 0.0 
0.0 0.0 
0.0 0.0 
0.0 0.0 
0.0 0.0 
0.0 0.0 
0.0 0.0 
0.0 0.0 
0.0 0.0 
0.0 0.0 
0.0 0.0 
0.0 0.0 
0.0 0.0 
0.0 0.0 
0.0 0.0 
0.0 0.0 
0.0 0.0 
0.0 0.0 
0.0 0.0 
0.0 0.0 
0.0 0.0 
0.0 0.0 
0.0 0.0 
0.0 0.0 
0.0 0.0 
0.0 0.0 
0.0 0.0 
0.0 0.0 
0.0 0.0 
0.0 0.0 
0.0 0.0 
0.0 0.0 
0.0 0.0 
0.0 0.0 
0.0 0.0 
0.0 0.0 
0.0 0.0 
0.0 0.0 
0.0 0.0 
0.739259206242 0.712765911874 
0.0 0.0 
0.0 0.0 
0.0 0.0 
0.0 0.0 
0.0 0.0 
0.0 0.0 
0.0 0.0 
0.0 0.0 
0.0 0.0 
0.0 -51.0 
0.0 0.0 
0.0 0.0 
0.0 0.0 
0.0 0.0 
0.0 0.0 
0.0 0.0 
0.0 0.0 
0.0 0.0 
0.0 0.0 
0.0 0.0 
0.0 0.0 
73.4523113053 67.6734556454 
70.4139636949 72.6478559857 
68.9406368049 49.2426899492 
0.0 0.0 
0.0 0.0 
73.2206127303 65.8947346804 
72.169928572 61.6588330682 
58.2989134846 53.0404046656 
26.665089518 0.0 
0.0 0.0 
72.3094408756 74.0892342848 
72.2563982826 73.8304593741 
37.6638422517 67.9527827964 
0.0 5.319585889 
0.0 0.0 
71.0199830676 73.7218271518 
64.3294423022 73.4766257306 
64.6294504342 52.5860997343 
0.0 0.711372801079 
0.0 0.0 
69.6747667509 73.6363342374 
64.6703394548 73.0955889406 
51.2495186779 -3.26149162445 
18.998370719 0.917987456348 
0.0 0.0 
70.5824454994 73.9578854296 
69.5809660247 73.8748496773 
58.7858909276 69.310508681 
0.0 0.0 
0.0 0.0 
64.5333805309 36.9113208625 
-29.9596456709 65.8530801197 
-64.9483523867 -1.72719472056 
-60.4803711086 -56.6588873138 
0.0 0.0 
66.2897459888 70.1734273199 
71.0396732467 67.7361234279 
69.0525302718 20.9726587359 
0.0 0.0 
0.0 0.0 
0.0 0.0 
0.0 0.0 
0.0 0.0 
0.0 0.0 
0.0 0.0 
0.0 0.0 
0.0 0.0 
0.0 0.0 
0.0 0.0 
0.0 0.0 
70.1090936096 65.331170965 
69.9197786758 73.0631298435 
36.5604999304 70.2504226431 
0.0 0.0 
0.0 0.0 
71.6086969932 64.6821871896 
68.8549031982 56.9577193115 
58.9155365376 46.4535275197 
40.5323092933 0.0 
0.0 0.0 
71.0816157612 64.4323446464 
69.5561423431 71.962846726 
69.858669694 31.3886150905 
0.0 0.0 
0.0 0.0 
65.0714180533 62.9646111384 
63.567081418 52.6052964938 
59.5870168419 46.4195586286 
35.0984085105 0.0452789483525 
0.0 0.0 
63.2141805584 58.1804604738 
69.1503913462 71.8324952088 
0.0 19.4763191224 
0.0 0.0 
0.0 0.0 
57.1188800025 61.9165173221 
60.4486470928 49.7299009748 
60.5487202673 1.16145001823 
-24.7993676506 -39.662324344 
0.0 0.0 
19.1357980037 35.0613460245 
60.8095995027 1.15238888853 
0.0 0.0 
0.0 0.0 
0.0 0.0 
52.7580007085 12.6923049062 
48.3572766958 -38.8674296737 
-10.5595538781 -77.7398443105 
-63.2385370844 -74.9844895871 
0.0 0.0 
0.0 0.0 
0.0 0.0 
0.0 0.0 
0.0 0.0 
0.0 0.0 
0.0 0.0 
0.0 0.0 
0.0 0.0 
0.0 0.0 
0.0 0.0 
73.2320126173 59.2238868515 
73.3287148208 65.9066754372 
67.7116993719 72.7905819344 
0.0 0.0 
0.0 0.0 
71.1320203181 55.9216836862 
65.3317915418 48.7379406867 
57.784829503 52.6511657787 
0.0 0.0 
0.0 0.0 
60.8565758442 73.7576223665 
70.4694998482 73.7886901635 
60.2991921965 73.6877795588 
9.99151122069 16.5784793292 
0.0 0.0 
73.336505679 57.9971157985 
57.6026345922 67.0198198687 
59.3549338185 51.4164931272 
0.0 0.0 
0.0 0.0 
68.5792312712 73.6912884004 
69.0189241793 73.5376038167 
9.54166706837 71.805361096 
-18.6260446334 -1.34828716097 
0.0 0.0 
66.3675831736 73.7384970792 
72.3068333082 62.6360984635 
57.117888378 60.4883048067 
0.0 0.0 
0.0 0.0 
55.2667947065 71.1550940874 
4.94974846127 52.7816455979 
-68.7895365155 27.861987395 
-77.8073090072 -78.0630707745 
0.0 0.0 
67.5393848886 71.2450612516 
67.3897522569 71.3073751956 
67.5340649963 29.1008370635 
0.0 0.0 
0.0 0.0 
0.0 0.0 
0.0 0.0 
0.0 0.0 
0.0 0.0 
0.0 0.0 
0.0 0.0 
0.0 0.0 
0.0 0.0 
0.0 0.0 
0.0 0.0 
72.115765936 57.6756322028 
71.958766142 66.7606061754 
71.575867058 67.3373982089 
0.0 0.0 
0.0 0.0 
71.6455807518 50.2223811888 
45.4741237418 62.2099915903 
57.6693291967 48.974669978 
0.0 5.21701213601 
0.0 0.0 
71.5681150592 57.5666043594 
62.9116993263 71.7148380196 
67.1205303584 72.010116966 
0.0 0.0 
0.0 0.0 
71.4356122105 54.606883981 
44.5700801524 60.2803248323 
54.2483279317 34.3819065053 
34.9305388085 1.92918748602 
0.0 0.0 
62.2548541239 46.3648472992 
53.8585115142 62.5617477744 
59.0220447079 68.3077240662 
0.0 0.0 
0.0 0.0 
55.5715719106 61.6556835731 
61.1924415283 47.748695934 
52.0194440482 25.1348150971 
1.1648005752 -24.4879996605 
0.0 0.0 
60.6556996516 42.43125991 
61.7897233191 36.9516779731 
20.2853878014 58.3330060281 
0.0 0.0 
0.0 0.0 
59.7011150445 42.7280199072 
56.1868945782 5.52402698935 
0.249732229703 -81.8495354253 
-61.4706875579 -69.552235293 
0.0 0.0 
0.0 0.0 
0.0 0.0 
0.0 0.0 
0.0 0.0 
0.0 0.0 
0.0 0.0 
0.0 0.0 
0.0 0.0 
0.0 0.0 
0.0 0.0 
58.9319639188 54.5239246958 
68.1519502371 57.8657937437 
72.0639250383 61.6166223749 
18.9099074511 59.3061842613 
0.0 0.0 
60.7125111762 54.9699209987 
52.6733167043 49.6057649709 
52.7668130452 47.2996639109 
0.0 0.0 
0.0 0.0 
55.4519459645 56.5221473925 
67.0813149632 54.5390957447 
60.9159034285 72.3349538864 
-4.15134407438 55.3970302751 
0.0 0.0 
50.58783841 54.7296100954 
47.764715858 50.5676631691 
48.5322867118 41.1732936642 
0.0 0.0 
0.0 0.0 
66.6529494709 59.8398776345 
55.7819147958 70.5796012655 
36.8580611074 69.5394540077 
-39.4507531194 32.7642386915 
0.0 0.0 
64.3167042673 60.7941326608 
58.7199448089 53.9380042095 
52.7692419661 43.083614119 
0.0 0.0 
0.0 0.0 
41.0136215255 68.8382525116 
-5.71078130302 64.8032274854 
-92.5449616188 31.8035987692 
-85.8199007036 -47.4889997973 
0.0 0.0 
54.9032726613 63.1961624534 
53.754300601 62.869933629 
37.7185362404 60.3091580436 
0.0 0.0 
0.0 0.0 
0.0 0.0 
0.0 0.0 
0.0 0.0 
0.0 0.0 
0.0 0.0 
0.0 0.0 
0.0 0.0 
0.0 0.0 
0.0 0.0 
0.0 0.0 
46.8340511262 64.0645036727 
70.6821169421 51.6732389661 
52.7648773847 66.4436586591 
0.947731931528 40.7479322039 
0.0 0.0 
56.099576731 41.7633165641 
41.0255072827 50.3296756504 
50.2279862333 27.2955277213 
0.0 0.0 
0.0 0.0 
28.3530846024 58.0723250373 
60.6907720026 56.6822749304 
63.0980596567 61.471528956 
14.1977008952 41.5474714094 
0.0 0.0 
47.976584438 37.9414675262 
32.996755339 49.8210398463 
44.7444768114 34.7180830567 
21.5886850198 0.0 
0.0 0.0 
58.4595576772 45.0535149254 
61.3663486831 50.2618788309 
51.3938513316 61.5172594075 
0.0 0.0 
0.0 0.0 
57.7281683376 45.6434004442 
53.6682685771 37.2617954921 
44.948913173 17.2307611167 
0.0 -0.440425599653 
0.0 0.0 
59.4381186182 34.282451157 
59.2081442313 35.5777128907 
49.8627004214 59.0835569053 
0.0 0.0 
0.0 0.0 
56.7542645262 29.6530098858 
39.5577241893 -2.35017362578 
2.00863536439 -48.2642496517 
0.0 -12.1498271422 
0.0 0.0 
0.0 0.0 
0.0 0.0 
0.0 0.0 
0.0 0.0 
0.0 0.0 
0.0 0.0 
0.0 0.0 
0.0 0.0 
0.0 0.0 
0.0 0.0 
54.0358454294 43.3525579461 
56.7875952314 37.5778344066 
41.0374715921 61.3093887419 
19.9064238206 59.6769586196 
0.0 0.0 
51.128037821 39.4975273239 
39.5960378029 12.0111500182 
0.0 0.0 
0.0 0.0 
0.0 0.0 
43.7201446151 39.2618375384 
37.5594189779 54.4410416522 
37.4869226389 62.436477455 
19.2418762185 62.3105975375 
0.0 0.0 
32.3814339858 45.0054012089 
47.7451794314 35.9216973199 
20.3423830851 12.5761444384 
0.0 0.0 
0.0 0.0 
31.8434352407 51.3043642876 
39.5316582154 56.6465075962 
26.9700979185 64.0101993 
-42.9360132529 30.1106156703 
0.0 0.0 
9.01654299865 41.1204398021 
17.6550286142 39.7981079552 
11.3375706345 35.1931222091 
0.0 0.0 
0.0 0.0 
-3.43463148528 49.5613795447 
-35.4639534384 43.9020767684 
-91.5376829875 -2.68177911908 
-93.9231759389 -58.5496785431 
0.0 0.0 
-4.14908989608 48.2838860613 
45.6444779043 11.8270447278 
0.0 0.0 
0.0 0.0 
0.0 0.0 
0.0 0.0 
0.0 0.0 
0.0 0.0 
0.0 0.0 
0.0 0.0 
0.0 0.0 
0.0 0.0 
0.0 0.0 
0.0 0.0 
0.0 0.0 
57.6429555611 39.0013731997 
43.3293229703 57.3431447741 
61.521387752 43.4448603244 
0.762190112399 40.2956009147 
0.0 0.0 
55.1645714674 28.3508461155 
12.1504453639 45.5234936997 
14.3761070684 0.0 
0.0 0.0 
0.0 0.0 
50.3465719099 31.2730594006 
24.9400221266 54.0236399002 
22.0847255321 62.7434412033 
29.3443767168 26.4011750722 
0.0 0.0 
42.9374827432 29.9599084307 
37.0869407871 30.7051989117 
20.2754561274 4.26431645468 
0.0 0.0 
0.0 0.0 
24.1965106973 37.0727800479 
56.921360464 33.3741696895 
25.0558274314 56.1591058477 
38.8133340312 16.5764381582 
0.0 0.0 
32.0364411768 23.5391299013 
36.4720908925 5.25959312918 
17.2279442112 5.49835339637 
0.0 0.0 
0.0 0.0 
44.9701022166 13.3213921644 
47.6652188531 24.7123592425 
33.0822662214 53.4006062576 
0.0 0.0 
0.0 0.0 
39.8474973865 5.44496166005 
29.5580592469 -24.1261329106 
-50.5602955457 -55.6816108979 
0.0 0.0 
0.0 0.0 
0.0 0.0 
0.0 0.0 
0.0 0.0 
0.0 0.0 
0.0 0.0 
0.0 0.0 
0.0 0.0 
0.0 0.0 
0.0 0.0 
0.0 0.0 
0.0 0.0 
0.0 14.8873218331 
38.1055479578 1.24724644865 
15.6261625562 -2.47096095509 
0.0 0.0 
0.0 0.0 
0.0 0.0 
0.0 0.0 
0.0 0.0 
0.0 0.0 
0.0 0.0 
7.98193352151 0.0 
21.9473134871 50.9470736428 
-17.5646993473 19.7812224429 
0.0 0.0 
0.0 0.0 
0.0 0.0 
0.0 0.0 
0.0 0.0 
0.0 0.0 
0.0 0.0 
7.12911481116 6.16620494119 
0.769570284793 46.0864884986 
-23.4037187222 4.06891869169 
0.0 0.0 
0.0 0.0 
0.0 0.0 
0.0 0.0 
0.0 0.0 
0.0 0.0 
0.0 0.0 
0.0 0.0 
-13.1488980125 -2.61723541454 
-64.0991131083 -70.096896129 
0.0 0.0 
0.0 0.0 
0.0 0.0 
0.0 0.0 
0.0 0.0 
0.0 0.0 
0.0 0.0 
0.0 0.0 
0.0 0.0 
0.0 0.0 
0.0 0.0 
0.0 0.0 
0.0 0.0 
0.0 0.0 
0.0 0.0 
0.0 0.0 
0.0 0.0 
0.0 0.0 
8.28559226806 44.6208045151 
2.37792479994 33.5296236905 
0.0 0.0 
0.0 0.0 
0.0 0.0 
0.0 0.0 
0.0 0.0 
0.0 0.0 
0.0 0.0 
0.0 16.3931470053 
20.9407254316 37.2576529818 
-10.557291038 39.2663657482 
0.0 0.0 
0.0 0.0 
0.0 0.0 
0.0 0.0 
0.0 0.0 
0.0 0.0 
-1.7341131292 10.1987082919 
0.563429997128 41.8007302667 
41.1926350629 8.05374549454 
8.3705288715 0.0 
0.0 0.0 
0.0 5.17770749607 
0.0 0.0 
0.0 0.0 
0.0 0.0 
0.0 0.0 
0.0 -5.70451213536 
8.6976288497 41.5363920063 
1.13509918788 35.5520650091 
0.0 0.0 
0.0 0.0 
0.0 0.0 
0.0 0.0 
0.0 0.0 
0.0 0.0 
0.0 0.0 
0.0 0.0 
0.0 0.0 
0.0 0.0 
0.0 0.0 
0.0 0.0 
0.0 0.0 
0.0 0.0 
0.0 0.0 
0.0 0.0 
0.0 0.0 
59.7418433214 42.7011501686 
15.8458124706 59.9613306075 
10.2019033561 19.0741028408 
0.0 0.0 
0.0 0.0 
58.1116653329 53.9564659533 
38.8579536145 27.156454445 
20.7256390442 17.5126207146 
10.2478788497 -4.59943074933 
0.0 0.0 
64.1944970911 58.5121469692 
58.3813203604 65.3452895442 
0.0 19.7967294039 
0.0 0.0 
0.0 0.0 
58.2878333621 53.5137062259 
53.9346928449 47.9541529112 
30.8514959909 26.1214229586 
25.0579280209 7.03138372647 
0.0 0.0 
67.3807453294 63.3785328317 
62.1956074991 66.3472970822 
-7.39967683172 62.9542445592 
0.0 0.0 
0.0 0.0 
67.3779369606 62.2274542025 
52.2784409806 62.2550463093 
37.6016679951 55.94845436 
0.0 0.0 
0.0 0.0 
56.9947507841 65.7196055784 
-2.27132331544 66.0399380321 
-35.6155056369 2.62654795823 
0.0 0.0 
0.0 0.0 
44.4445898393 65.4305618815 
57.5761745373 63.5473362187 
49.984398994 36.7005482381 
0.0 0.0 
0.0 0.0 
0.0 0.0 
0.0 0.0 
0.0 0.0 
0.0 0.0 
0.0 0.0 
0.0 0.0 
0.0 0.0 
0.0 0.0 
0.0 0.0 
0.0 0.0 
35.7013521309 53.6640170641 
57.8169745999 1.04406446808 
1.01971914003 5.46586522136 
0.0 0.0 
0.0 0.0 
14.1477980645 49.5244711744 
29.8959000776 25.0175331869 
17.2727739219 14.2430345597 
7.30173226655 0.904277592476 
0.0 0.0 
16.7230563125 49.8191335509 
8.87587446361 1.04327876842 
1.01537274043 12.1341555655 
0.0 0.0 
0.0 0.0 
47.7108726179 37.1680802042 
23.0101351645 17.7237106521 
-1.93394342066 17.2072921138 
2.70529238934 -26.4661731623 
0.0 0.0 
14.4941641725 38.6165644006 
13.5546989572 40.052385103 
0.0 0.0 
0.0 0.0 
0.0 0.0 
31.9298999351 32.1809889469 
16.8289463939 4.23941751918 
4.91333070752 -17.0779512689 
-59.0198117646 -54.0100408057 
0.0 0.0 
34.4549473926 -3.59991731078 
10.6914785722 28.2008769438 
0.0 0.0 
0.0 0.0 
0.0 0.0 
22.8480076027 -0.0955092049008 
11.4600709568 -27.6073644221 
-95.8218472391 -83.9468368482 
-93.6817372287 -99.5731629337 
0.0 0.0 
0.0 0.0 
0.0 0.0 
0.0 0.0 
0.0 0.0 
0.0 0.0 
0.0 0.0 
0.0 0.0 
0.0 0.0 
0.0 0.0 
0.0 0.0 
55.79018429 23.5116772811 
6.81383875809 34.7506033019 
0.0 17.6477931926 
0.0 0.0 
0.0 0.0 
2.80103425157 55.567750662 
31.5584910958 29.352911831 
22.8466138361 13.21717402 
16.0010627755 -5.8643172735 
0.0 0.0 
66.5128320451 65.6080858489 
62.7811814397 66.3953795574 
0.0 0.0 
0.0 0.0 
0.0 0.0 
65.6849790225 62.4605211966 
54.3437057999 49.009062518 
55.2116369618 24.5664370493 
23.152427641 0.885612736539 
0.0 0.0 
66.351835136 63.0814030217 
57.8629417345 66.1245782754 
1.85391525883 61.7009608884 
0.0 0.0 
0.0 0.0 
66.376127139 63.9786326475 
63.0098002473 57.4403595112 
61.8022373645 44.5282155831 
9.13023315121 0.0 
0.0 0.0 
61.5042461597 66.0644924453 
19.2389534133 65.9041703062 
-30.2779883576 21.7083663255 
0.0 0.0 
0.0 0.0 
62.1548902216 65.7563360161 
66.3987042095 63.5679114673 
61.3703039305 37.2182729524 
0.0 0.0 
0.0 0.0 
0.0 0.0 
0.0 0.0 
0.0 0.0 
0.0 0.0 
0.0 0.0 
0.0 0.0 
0.0 0.0 
0.0 0.0 
0.0 0.0 
0.0 0.0 
18.2677271913 38.7327416254 
9.9291295743 32.1163319035 
0.0 0.0 
0.0 0.0 
0.0 0.0 
53.1479009841 41.3503679862 
28.1284729867 27.4098177756 
9.29953974383 15.3931473551 
15.1732047434 -3.08312223357 
0.0 0.0 
2.05570611234 52.7185465702 
13.1983031755 1.59712877479 
2.35904502278 15.9499564624 
0.0 0.0 
0.0 0.0 
32.0673676042 51.9579619845 
24.32673605 19.0858259948 
15.6773934543 0.28785414632 
6.32679506003 -34.7662505237 
0.0 0.0 
28.1312786861 47.067225425 
10.2320252993 37.6355975219 
0.0 0.0 
0.0 0.0 
0.0 0.0 
38.5510458178 35.71602785 
23.4940905355 20.4102144985 
12.2915429103 -38.462991221 
-35.7065480348 -72.4352083463 
0.0 0.0 
6.05009468638 10.8098648862 
0.0 0.0 
0.0 0.0 
0.0 0.0 
0.0 0.0 
33.0739697135 -18.7666002196 
-4.74163887888 -52.8291556926 
-82.5355129212 -95.7971919177 
-99.5867267956 -99.5758475235 
0.0 0.0 
0.0 0.0 
0.0 0.0 
0.0 0.0 
0.0 0.0 
0.0 0.0 
0.0 0.0 
0.0 0.0 
0.0 0.0 
0.0 0.0 
0.0 0.0 
0.0 17.2728831849 
0.0 0.0 
0.0 0.0 
0.0 0.0 
0.0 0.0 
27.7261148978 20.0555767072 
3.51382746304 45.8180626124 
42.8315883793 43.496205941 
0.0 0.0 
0.0 0.0 
63.3694403546 59.6879323575 
64.8956788975 43.6330684618 
0.0 0.0 
0.0 0.0 
0.0 0.0 
63.6148123327 57.0608580697 
46.7721255038 52.6892659709 
51.4780687089 43.4033790052 
24.3972588664 0.0 
0.0 0.0 
64.5905896559 64.8361095463 
40.1567143295 65.3549083142 
0.0 0.0 
0.0 0.0 
0.0 0.0 
64.7481033831 63.9164257443 
65.5497563151 62.8710478796 
65.5855362105 57.8151565792 
0.0 0.0 
0.0 0.0 
49.532122263 65.3048526675 
-24.7475004018 48.6547213416 
0.0 0.0 
0.0 0.0 
0.0 0.0 
43.3927407465 65.2775872908 
65.6082119862 61.8786933137 
65.2944087386 42.9479132355 
0.0 0.0 
0.0 0.0 
0.0 0.0 
0.0 0.0 
0.0 0.0 
0.0 0.0 
0.0 0.0 
0.0 0.0 
0.0 0.0 
0.0 0.0 
0.0 0.0 
0.0 0.0 
0.0 0.0 
0.0 0.0 
0.0 0.0 
0.0 0.0 
0.0 0.0 
0.0 0.0 
25.4549928495 38.4501750805 
48.5227062331 32.1883062165 
7.39494922848 -0.375083128409 
0.0 0.0 
4.01186093412 12.0950086201 
0.0 0.0 
0.0 0.0 
0.0 0.0 
0.0 0.0 
29.4024205294 42.2994968607 
54.7046983227 31.087790219 
38.2075913228 11.739277937 
-2.15209735085 -17.7985131493 
0.0 0.0 
0.0 0.0 
0.0 0.0 
0.0 0.0 
0.0 0.0 
0.0 0.0 
13.8015713112 25.9137657943 
47.3864529585 8.15301203808 
26.4710983051 -40.7347290901 
-60.5468356356 -59.626353185 
0.0 0.0 
0.0 0.0 
0.0 0.0 
0.0 0.0 
0.0 0.0 
0.0 0.0 
0.0 0.0 
0.0 0.0 
-81.5045580377 -74.7998332859 
-86.1365302874 -91.2603924391 
0.0 0.0 
0.0 0.0 
0.0 0.0 
0.0 0.0 
0.0 0.0 
0.0 0.0 
0.0 0.0 
0.0 0.0 
0.0 0.0 
0.0 0.0 
0.0 0.0 
0.0 0.0 
0.0 0.0 
0.0 0.0 
0.0 0.0 
0.0 0.0 
0.0 0.0 
0.0 0.0 
38.8850853073 0.867985845319 
0.0 0.0 
0.0 0.0 
0.0 0.0 
0.0 0.0 
0.0 0.0 
0.0 0.0 
0.0 0.0 
0.0 0.0 
16.6856028358 0.0 
36.7548136283 0.895779589273 
0.0 0.487319081251 
0.0 0.0 
0.0 0.0 
0.0 0.0 
0.0 0.0 
0.0 0.0 
0.0 0.0 
0.0 0.0 
5.87047423928 22.3109729673 
54.9342881705 5.56080465376 
0.0 0.0 
0.0 0.0 
0.0 0.0 
0.0 0.0 
0.0 0.0 
0.0 0.0 
0.0 0.0 
0.0 0.0 
19.004759128 6.58394058823 
18.5033922366 4.85897797866 
0.0 0.0 
0.0 0.0 
0.0 0.0 
0.0 0.0 
0.0 0.0 
0.0 0.0 
0.0 0.0 
0.0 0.0 
0.0 0.0 
0.0 0.0 
0.0 0.0 
0.0 0.0 
0.0 0.0 
0.0 0.0 
0.0 0.0 
0.0 0.0 
0.0 0.0 
0.0 0.0 
0.0 0.0 
0.0 4.18993853963 
0.0 0.0 
0.0 0.0 
0.0 0.0 
0.0 0.0 
0.0 0.0 
0.0 0.0 
0.0 0.0 
0.0 0.0 
0.0 0.0 
29.4981604603 9.52060285235 
0.0 0.0 
0.0 0.0 
0.0 0.0 
0.0 0.0 
0.0 0.0 
0.0 0.0 
0.0 0.0 
0.0 0.0 
0.0 0.0 
17.5882210317 0.0 
0.0 0.0 
0.0 0.0 
0.0 0.0 
0.0 0.0 
0.0 0.0 
0.0 0.0 
0.0 0.0 
0.0 0.0 
0.0 0.0 
0.0 0.0 
0.0 -30.0 
0.0 0.0 
0.0 0.0 
0.0 0.0 
0.0 0.0 
0.0 0.0 
0.0 0.0 
0.0 0.0 
0.0 0.0 
0.0 0.0 
0.0 0.0 
0.0 0.0 
0.0 0.0 
0.0 0.0 
0.0 0.0 
0.0 0.0 
0.0 0.0 
0.0 0.0 
0.0 0.0 
0.0 0.0 
0.0 0.0 
0.0 0.0 
0.0 0.0 
0.0 0.0 
0.0 0.0 
0.0 0.0 
0.0 0.0 
0.0 0.0 
0.0 0.0 
0.0 0.0 
0.0 0.0 
0.0 0.0 
0.0 0.0 
0.0 0.0 
0.0 0.0 
0.0 0.0 
0.0 0.0 
0.0 0.0 
0.0 0.0 
0.0 0.0 
0.0 0.0 
0.0 0.0 
0.0 0.0 
0.0 0.0 
0.0 0.0 
0.0 0.0 
0.0 0.0 
0.0 0.0 
0.0 0.0 
0.0 0.0 
0.0 0.0 
0.0 0.0 
0.0 0.0 
0.0 0.0 
0.0 0.0 
0.0 0.0 
0.0 0.0 
0.0 0.0 
0.0 0.0 
0.0 0.0 
0.0 0.0 
0.0 0.0 
0.0 0.0 
0.0 0.0 
0.0 0.0 
0.0 0.0 
0.0 0.0 
0.0 0.0 
0.0 0.0 
0.0 0.0 
0.0 0.0 
0.0 0.0 
0.0 0.0 
0.0 0.0 
0.0 0.0 
0.0 0.0 
0.0 0.0 
0.0 0.0 
0.0 0.0 
0.0 0.0 
0.0 0.0 
0.0 0.0 
0.0 0.0 
0.0 0.0 
0.0 0.0 
0.0 0.0 
0.0 0.0 
0.0 0.0 
0.0 0.0 
0.0 0.0 
0.0 0.0 
0.0 0.0 
0.0 0.0 
0.0 0.0 
0.0 0.0 
0.0 0.0 
0.0 0.0 
0.0 0.0 
0.0 0.0 
0.0 0.0 
0.0 0.0 
0.0 0.0 
0.0 0.0 
0.0 0.0 
0.0 0.0 
0.0 0.0 
0.0 0.0 
0.0 0.0 
0.0 0.0 
0.0 0.0 
0.0 0.0 
0.0 0.0 
53.3502555239 34.0391427216 
52.3830572604 57.8007122365 
4.63639684729 0.0 
0.0 0.0 
0.0 0.0 
53.4411247335 36.6721063869 
22.7022041334 33.6927725139 
13.8203713015 7.23262431691 
3.72102698977 3.92501670534 
0.0 0.0 
57.8709578324 42.6848823596 
41.4079558294 64.8597415852 
21.9517061389 54.8527342697 
0.0 0.0 
0.0 0.0 
46.4859290916 53.3730968594 
20.8451517118 45.0842252239 
18.1775014893 24.7210167334 
6.15420971622 1.40192963914 
0.0 0.0 
51.4526233003 67.1263900231 
57.5945658519 67.1644718369 
20.9100437591 64.061742877 
0.0 0.0 
0.0 0.0 
48.2936273499 61.868153478 
9.76503066688 62.3054500092 
30.6072947598 25.5470209739 
0.0 0.0 
0.0 0.0 
-3.18903624825 64.9705162494 
23.678609429 64.6746204187 
-35.0547702043 3.50779879037 
0.0 0.0 
0.0 0.0 
48.283430495 62.6276163145 
49.4908410851 63.3883931529 
23.7101608449 49.2320839845 
0.0 0.0 
0.0 0.0 
0.0 0.0 
0.0 0.0 
0.0 0.0 
0.0 0.0 
0.0 0.0 
0.0 0.0 
0.0 0.0 
0.0 0.0 
0.0 0.0 
0.0 0.0 
49.2733239582 36.8028375345 
40.27831435 54.0178326577 
11.8493661848 1.02301320219 
0.0 0.0 
0.0 0.0 
39.6785154953 37.2232683401 
20.9462186992 27.774694862 
13.4541787983 16.4798288609 
-0.294902537694 3.66896161986 
0.0 0.0 
34.6012859998 30.5959955007 
45.2676579348 8.43124315681 
0.0 0.0 
0.0 0.0 
0.0 0.0 
25.3591485831 26.7151442551 
14.3616023094 23.6266113992 
-2.03509922452 15.8433833995 
-2.08510592611 -22.0487450153 
0.0 0.0 
24.2915874873 23.9215665959 
5.18824577887 39.1617174259 
0.0 0.0 
0.0 0.0 
0.0 0.0 
19.7284845887 16.6256309366 
14.1492393394 -9.92554504141 
-14.7971742746 -24.3624753953 
-50.5007577688 -39.7074973042 
0.0 0.0 
1.03582626873 20.0213751073 
12.3457210994 29.195013857 
0.0 0.0 
0.0 0.0 
0.0 0.0 
11.0206185947 15.4208633841 
-12.0113738286 -61.9163859925 
-63.4268077567 -90.2870321472 
-79.5607443315 -87.8667104226 
0.0 0.0 
0.0 0.0 
0.0 0.0 
0.0 0.0 
0.0 0.0 
0.0 0.0 
0.0 0.0 
0.0 0.0 
0.0 0.0 
0.0 0.0 
0.0 0.0 
51.3524036318 17.0321139601 
38.3271439506 53.7833039056 
27.6501752011 53.3303482008 
0.0 0.0 
0.0 0.0 
45.803528126 21.1522031544 
-1.93441347309 16.2925436404 
18.2021963823 3.57196096451 
0.467450080764 -4.35300434172 
0.0 0.0 
5.25204040446 47.1813937594 
57.3615714599 29.337684981 
26.2364719775 58.5089316834 
0.0 0.0 
0.0 0.0 
2.06510481122 34.3045243261 
-0.557123873282 29.4211878299 
-6.83706523994 21.2874224286 
2.45486093435 0.936699827873 
0.0 0.0 
53.9605670533 29.3247135383 
37.3349252885 57.2682864505 
31.5004541472 58.3497297644 
0.887276514374 0.0 
0.0 0.0 
11.545689536 52.8123208096 
39.51864194 5.51347021508 
4.33221095714 -2.05090341195 
0.0 0.0 
0.0 0.0 
26.4426911314 59.1346098049 
-10.831553694 61.081839819 
-66.4120707264 33.6270842111 
0.0 0.0 
0.0 0.0 
37.501294497 50.5083428482 
23.3229758392 13.751769585 
25.7760193446 24.688192796 
0.0 0.0 
0.0 0.0 
0.0 0.0 
0.0 0.0 
0.0 0.0 
0.0 0.0 
0.0 0.0 
0.0 0.0 
0.0 0.0 
0.0 0.0 
0.0 0.0 
0.0 0.0 
38.0131954369 8.45321092984 
24.5190364404 42.9580411947 
15.3730727437 43.2086275012 
0.0 0.0 
0.0 0.0 
32.2990067337 18.1323189687 
15.1413972173 1.35198568407 
12.1490333226 -3.47522493843 
6.39963911271 -30.0 
0.0 0.0 
32.6649699115 0.611424340731 
19.7122954235 30.5990193397 
16.3121093671 49.5260468587 
0.0 0.0 
0.0 0.0 
8.93337762713 18.3809822561 
-0.399555327777 18.2869630381 
-5.80173034367 -9.43678145468 
-36.350190917 -27.5924122339 
0.0 0.0 
20.4157999343 -0.381744081931 
-4.83735043947 23.9677424051 
19.8193077071 10.2534260851 
0.0 0.0 
0.0 0.0 
19.8741535213 -5.08742959766 
6.67635930753 -20.3439788873 
-29.2737456768 -38.6630507303 
-40.5678387555 -64.3467839481 
0.0 0.0 
3.21786059044 -11.4133404973 
6.4578663621 6.77703690524 
0.0 0.0 
0.0 0.0 
0.0 0.0 
-0.503652432107 -15.2351453953 
-19.8069016912 -59.123604771 
-31.5074088916 -72.6930599717 
-99.2339626324 -98.3611525986 
0.0 0.0 
0.0 0.0 
0.0 0.0 
0.0 0.0 
0.0 0.0 
0.0 0.0 
0.0 0.0 
0.0 0.0 
0.0 0.0 
0.0 0.0 
0.0 0.0 
18.2379138427 -3.25764367836 
32.9610906568 -5.68015216112 
-1.68086723351 15.3946752198 
3.97723511766 29.9725800768 
0.0 0.0 
26.3955415877 -18.7415638055 
20.4495773699 -16.6945382104 
-25.2190336305 -7.99584056689 
0.0 0.0 
0.0 0.0 
2.75906172602 20.9687270822 
0.491656279143 33.8649515694 
-8.07389535145 42.1800100432 
-18.9476659904 6.63919763605 
0.0 0.0 
3.70951820645 17.5047730166 
-6.99473509162 13.0168434393 
10.9385705832 -13.9148084401 
0.0 0.0 
0.0 0.0 
23.6302387557 -8.57390658972 
11.7571570611 31.4173610462 
-12.4962329175 48.6015949082 
-58.0934026227 27.0290075245 
0.0 0.0 
22.1417902537 -26.3306408809 
10.3527374238 -26.6925284776 
10.9454208456 3.69396715518 
0.0 0.0 
0.0 0.0 
-22.8339875939 38.1597867254 
-58.8186747206 18.6712372362 
-86.3493648784 -16.294677658 
-93.1484927562 -84.9156230475 
0.0 0.0 
-5.77644535348 27.9365917512 
-1.590257105 28.3741355353 
13.3638118138 12.6423559763 
0.0 0.0 
0.0 0.0 
0.0 0.0 
0.0 0.0 
0.0 0.0 
0.0 0.0 
0.0 0.0 
0.0 0.0 
0.0 0.0 
0.0 0.0 
0.0 0.0 
0.0 0.0 
23.0034745264 -8.51092666845 
-13.3170534927 29.0406161356 
17.8454848535 -8.31265865927 
-0.923394783809 12.7052911499 
0.0 0.0 
19.2381228696 -10.6725138561 
11.6137044634 -18.4096087206 
-26.0070842336 -10.817560149 
0.0 0.0 
0.0 0.0 
-23.9637251691 -2.06323049218 
-8.90828143836 7.86070324248 
-14.0739395872 15.193430518 
0.859214439538 35.8151709813 
0.0 0.0 
-10.444645318 -18.7828434634 
-18.2923572838 -6.83858733075 
-19.9555462908 -21.2171329571 
-0.67097391325 -19.2552391882 
0.0 0.0 
-18.3263870706 -13.2030053952 
-7.43555905672 -14.279163828 
9.62595041087 -12.2447385662 
0.0 0.0 
0.0 0.0 
-3.68519460844 -32.8442609768 
-23.7130135211 -34.5182111039 
-39.7924083969 -37.9340392172 
-42.1640635719 -59.8145886252 
0.0 0.0 
-0.513278459316 -44.4913449555 
-4.79574446518 -22.3268786796 
-8.69285717652 3.90155433319 
0.0 0.0 
0.0 0.0 
-9.95188785304 -43.607450277 
-45.9008129933 -55.9707415717 
-64.901171339 -88.5529213218 
-80.0239204922 -86.0527191562 
0.0 0.0 
0.0 0.0 
0.0 0.0 
0.0 0.0 
0.0 0.0 
0.0 0.0 
0.0 0.0 
0.0 0.0 
0.0 0.0 
0.0 0.0 
0.0 0.0 
12.7661442489 -20.5679542028 
-42.4536086749 7.23091946231 
-35.9111604166 2.09866328511 
-26.349768428 -9.10909317864 
0.0 0.0 
2.0714650486 -30.6383831209 
-10.773526352 -41.8933595346 
-0.703103351128 1.58447028442 
0.0 0.0 
0.0 0.0 
-3.40902928739 -25.07124457 
-3.36243022304 -28.4167594347 
-8.12464101175 -32.8651371942 
-66.594395305 -44.4689000071 
0.0 0.0 
-8.44676168201 -28.7837976943 
-4.70724808049 -31.2578776927 
-2.88846967525 5.76953762783 
0.0 0.0 
0.0 0.0 
-50.0260205837 3.21319050504 
-33.702188854 12.6269168538 
-52.9743878267 -4.03006419705 
-66.310004459 -10.5483823619 
0.0 0.0 
-11.7397270001 -50.2736644982 
-45.5784215911 -0.989040315143 
-0.296288755773 6.92632848056 
0.0 0.0 
0.0 0.0 
-28.1856323535 18.9662080675 
-65.8305911398 12.9371395945 
-82.2368481563 -5.07965558512 
-95.8016834025 -99.488506912 
0.0 0.0 
-22.9289503903 -4.68481085744 
-0.648789137227 13.0235238773 
0.0 0.0 
0.0 0.0 
0.0 0.0 
0.0 0.0 
0.0 0.0 
0.0 0.0 
0.0 0.0 
0.0 0.0 
0.0 0.0 
0.0 0.0 
0.0 0.0 
0.0 0.0 
0.0 0.0 
-0.482247064767 -49.3630036107 
-0.662625343224 -14.5486996064 
-23.5915065345 -50.166306294 
-22.7142199544 -15.4035195033 
0.0 0.0 
-5.80746979052 -40.6331856405 
-19.5144566374 -47.3857987068 
-9.03160798999 0.0 
0.0 0.0 
0.0 0.0 
-38.4858727743 -8.59134131614 
-34.7487471692 -14.2297493709 
-44.1022942772 13.600091206 
-39.4190593102 -21.7209559299 
0.0 0.0 
-10.2407280441 -31.0353164022 
-14.7691490664 -39.2863309663 
-16.1512019083 -45.1366148271 
0.0 0.0 
0.0 0.0 
-34.1307165961 -16.3085059123 
-43.3424104377 -14.7609053552 
-45.6243136273 -2.18981672908 
0.314472719636 -25.8359821962 
0.0 0.0 
-30.5608918353 -21.1772577384 
-36.4577363925 -29.7851244306 
-21.0855197333 -56.4950836272 
0.0 0.0 
0.0 0.0 
-14.1142198565 -53.8425174592 
-10.4443808674 -40.7384723564 
-36.5396929603 -5.62588692072 
0.0 0.0 
0.0 0.0 
-12.7980988615 -59.6170286413 
-32.2985454041 -71.9539525569 
-35.9606749017 -81.4360937525 
0.0 0.0 
0.0 0.0 
0.0 0.0 
0.0 0.0 
0.0 0.0 
0.0 0.0 
0.0 0.0 
0.0 0.0 
0.0 0.0 
0.0 0.0 
0.0 0.0 
0.0 0.0 
0.0 0.0 
-26.9141693943 4.28507861441 
-47.2833199628 -26.1127862063 
-49.4713755319 -54.689890255 
0.0 0.0 
0.0 0.0 
0.0 0.0 
0.0 0.0 
0.0 0.0 
0.0 0.0 
0.0 0.0 
-48.1921222883 4.30827245565 
-32.6328913762 -70.6834923621 
-78.7095141609 -55.2871954688 
0.0 0.0 
0.0 0.0 
0.0 0.0 
0.0 0.0 
0.0 0.0 
0.0 0.0 
0.0 0.0 
-63.2107928051 -60.2016507474 
-76.1796607961 -14.7623700273 
-90.5906884859 -52.4733440575 
0.0 0.0 
0.0 0.0 
0.0 0.0 
0.0 0.0 
0.0 0.0 
0.0 0.0 
0.0 0.0 
0.0 0.0 
-89.8544275123 -73.9641263994 
-98.0839828305 -99.9395918376 
-30.0 0.0 
0.0 0.0 
0.0 0.0 
0.0 0.0 
0.0 0.0 
0.0 0.0 
0.0 0.0 
0.0 0.0 
0.0 0.0 
0.0 0.0 
0.0 0.0 
0.0 0.0 
0.0 0.0 
0.0 0.0 
0.0 0.0 
0.0 0.0 
0.0 0.0 
-18.8718033562 -29.4104366461 
-64.2656041965 -42.6187449494 
-60.418502584 -53.3389218947 
0.0 0.0 
0.0 0.0 
0.0 0.0 
0.0 0.0 
0.0 0.0 
0.0 0.0 
0.0 0.0 
-37.8514964134 -54.6408251572 
-50.5701998217 -55.1221148726 
-64.9038489331 -52.064945794 
0.0 0.0 
0.0 0.0 
0.0 0.0 
0.0 0.0 
0.0 0.0 
0.0 0.0 
-13.3539061658 -30.0 
-57.5905787001 -58.4601772643 
-59.1593743943 -53.0043664184 
-7.90719610444 -9.54202177071 
0.0 0.0 
-25.4748853686 0.0 
0.0 0.0 
0.0 0.0 
0.0 0.0 
0.0 0.0 
-2.27017429006 -8.33400478948 
-22.8922775565 -34.4230929974 
-36.6216249511 -36.7450663425 
0.0 0.0 
0.0 0.0 
0.0 -15.0905631716 
-30.0 -0.277747073768 
0.0 0.0 
0.0 0.0 
0.0 0.0 
0.0 0.0 
0.0 0.0 
0.0 0.0 
0.0 0.0 
0.0 0.0 
0.0 0.0 
0.0 0.0 
0.0 0.0 
0.0 0.0 
0.0 0.0 
