-19.506686117 -19.4988448877 -19.4582475963 
-19.5281160075 -19.4608388324 -19.4442257672 
-19.4667612731 -19.4511947623 -19.462625828 
-19.4331008797 -19.4530786553 -19.4266299785 
-19.4949176632 -19.4898097269 -19.4766934382 
-19.4532832431 -19.4651950228 -19.4461050285 
-19.3840853021 -19.4627551464 -19.4120119269 
-19.3732974205 -19.3894252346 -19.412477572 
-19.1144560314 -19.1774541955 -19.1515873977 
-18.8235051901 -18.8699745329 -18.8561248906 
-17.3940484911 -17.3901931423 -16.7200249787 
-14.8533819083 -15.1579340189 -14.8422801964 
-13.5268745278 -13.645337437 -13.3406035557 
0.0 0.0 0.0 
-19.4891091903 -19.4532002391 -19.4238499973 
-19.6234559416 -19.6187037709 -19.617470499 
-19.6481047787 -19.6414744982 -19.6527788287 
-19.6255215921 -19.6311695408 -19.633352174 
-19.6014307187 -19.6162808794 -19.6181809368 
-19.5672784019 -19.5771772505 -19.5839790342 
-19.5388004328 -19.535099294 -19.5417529496 
-19.4654882703 -19.4642438474 -19.4970772942 
-19.3692267852 -19.3197127614 -19.3435578458 
-19.2363920444 -19.2372818842 -19.2541765756 
-18.8876844421 -18.9839895509 -18.9419951662 
-18.7934566971 -18.8477107843 -18.8009985987 
-16.9483255552 -16.837542526 -17.2544570799 
0.0 0.0 0.0 
-19.5419011571 -19.5567499996 -19.5505066995 
-19.5450063378 -19.5572037521 -19.5327561947 
-19.5480202016 -19.5477777601 -19.5436960773 
-19.5524784716 -19.5440864031 -19.5497054902 
-19.5326939874 -19.527082658 -19.5248556739 
-19.5254313277 -19.5394341816 -19.5361632843 
-19.5124557401 -19.5198569726 -19.5246958072 
-19.5155360362 -19.5042561801 -19.5051588808 
-19.4498315497 -19.4394015556 -19.4528994947 
-18.9634263501 -18.9602337331 -18.8139059707 
-18.2391935173 -18.1790174109 -16.8486512609 
-15.4848211833 -15.0618704094 -14.7238409054 
-13.7876053261 -13.9195278124 -13.1298566095 
0.0 0.0 0.0 
-19.5632767322 -19.540989833 -19.5566890377 
-19.6206735726 -19.6040856018 -19.6019500714 
-19.6275243216 -19.6330916425 -19.6258851756 
-19.6344970397 -19.6218714734 -19.6386210972 
-19.6155441369 -19.6089219929 -19.6153594682 
-19.5899295492 -19.5827975787 -19.5861293953 
-19.572542645 -19.582517367 -19.5739429593 
-19.5013614445 -19.5170809959 -19.5235408651 
-19.436389075 -19.4473068683 -19.4493630447 
-19.3186177006 -19.3509504791 -19.3500484556 
-19.246429943 -19.2644792946 -19.2477902101 
-19.0598457764 -19.0252466044 -19.0517316093 
-18.5480901293 -18.1906155068 -18.0522167335 
0.0 0.0 0.0 
-19.5607043453 -19.5799110217 -19.5606713422 
-19.5657379729 -19.563462966 -19.564306944 
-19.5559966882 -19.5409829323 -19.5435438317 
-19.5398284002 -19.5405269934 -19.5379712035 
-19.5504258121 -19.5425293212 -19.539039201 
-19.5470816196 -19.5463041134 -19.5434001781 
-19.5355822508 -19.5409153046 -19.5386904265 
-19.5290435756 -19.5338439259 -19.5315408353 
-19.4404596902 -19.441526554 -19.4484620035 
-18.9442578111 -19.1947295381 -18.5834245241 
-17.1748460039 -17.6912450237 -17.0724483054 
-15.452891068 -14.8503724379 -14.4022229383 
-14.0282807532 -14.1701261902 -13.2643790167 
0.0 0.0 0.0 
-19.5364847992 -19.5421029573 -19.5486966768 
-19.6090674798 -19.606823958 -19.610977419 
-19.6182060308 -19.6241959443 -19.6183114805 
-19.6044184258 -19.6102596385 -19.6104979287 
-19.6046666881 -19.5963195632 -19.5994978206 
-19.5731873414 -19.5703515943 -19.5749179013 
-19.5529465913 -19.5419315951 -19.5553457183 
-19.4824507894 -19.4957739953 -19.4849114408 
-19.4411620378 -19.4421437948 -19.4518003328 
-19.373114042 -19.3704923814 -19.3639428143 
-19.2803522434 -19.2703971852 -19.2717105203 
-19.083280016 -18.9764965266 -19.0430144202 
-18.4234073002 -18.2881116407 -18.4559560878 
0.0 0.0 0.0 
-19.5186992194 -19.5439616247 -19.5203208167 
-19.5671013026 -19.5635331254 -19.5464908083 
-19.5606819893 -19.5497820464 -19.5472444899 
-19.5500583322 -19.5449205049 -19.5442761722 
-19.5461878161 -19.5448384463 -19.5478046278 
-19.5358060228 -19.5361586339 -19.5390800895 
-19.5447972072 -19.547597805 -19.5455489513 
-19.5257659617 -19.5227063428 -19.5226546661 
-19.4628636686 -19.4593767912 -19.4629745851 
-19.0987574755 -19.1367866486 -18.4090669176 
-17.5923069179 -17.3587201433 -17.1562820792 
-15.2771610078 -13.9522541682 -15.281012671 
-13.5765234219 -13.4107442423 -13.1392230605 
0.0 0.0 0.0 
-19.5678678133 -19.5693383079 -19.5514195619 
-19.5916577265 -19.6018715137 -19.5920237061 
-19.6024123375 -19.6030218433 -19.6074882556 
-19.5881579304 -19.5942093257 -19.5931126232 
-19.5800064867 -19.5815139705 -19.5806919914 
-19.5527721433 -19.5625673703 -19.5628758826 
-19.5286314279 -19.5439508937 -19.5553843453 
-19.4908799525 -19.4833186542 -19.4865969176 
-19.4308915146 -19.4344112773 -19.4254355464 
-19.3378826591 -19.3137012632 -19.3417029186 
-19.1166501627 -19.2336421661 -19.2266529044 
-18.9477160374 -18.9291706779 -18.9681749705 
-18.3214837496 -18.2316849232 -18.289978463 
0.0 0.0 0.0 
-19.5600869823 -19.558849266 -19.5476576471 
-19.5420623876 -19.5353303819 -19.5364481642 
-19.5430656782 -19.5399655007 -19.5422773806 
-19.5432299621 -19.5477768139 -19.5447590244 
-19.5363141505 -19.5323652874 -19.5329446706 
-19.5412829773 -19.5422573845 -19.5376320429 
-19.5433821772 -19.5393719778 -19.5407996317 
-19.5277403406 -19.5210493478 -19.5183754078 
-19.4682378289 -19.4545391644 -19.4726111763 
-18.1087710366 -18.7488595461 -18.9734414404 
-17.3470119351 -17.027105887 -17.1900731287 
-15.0103535204 -14.4989120063 -14.0598136286 
-13.2839094319 -13.5422678483 -12.8399527059 
0.0 0.0 0.0 
-19.5273284428 -19.5368834589 -19.5127757606 
-19.5770840167 -19.582021448 -19.5703956156 
-19.5925510811 -19.5936311246 -19.5953862231 
-19.5843986766 -19.5863528551 -19.5829577598 
-19.5727567124 -19.5744256622 -19.5701648338 
-19.5480747949 -19.5605881741 -19.5560595859 
-19.5220000112 -19.5275730449 -19.5297401546 
-19.4777488903 -19.4908067626 -19.4908711455 
-19.413308362 -19.4166490624 -19.4223106683 
-19.3491936585 -19.3398836383 -19.3509395413 
-19.0731471657 -19.2164144494 -19.2190005688 
-18.9922803205 -18.9700863058 -18.9687159224 
-17.9493108816 -17.9439459141 -17.7390924894 
0.0 0.0 0.0 
-19.4967140136 -19.4878831813 -19.510161007 
-19.5155426339 -19.5205940802 -19.5161682627 
-19.5218547665 -19.5145766421 -19.5107320555 
-19.5135657786 -19.5153127975 -19.5136393 
-19.518850588 -19.5220690073 -19.5189195459 
-19.5273124739 -19.5290058151 -19.5237410296 
-19.5264350644 -19.5275793086 -19.5246076682 
-19.5181855935 -19.514731096 -19.507948848 
-19.4272001401 -19.4188614647 -19.3390408607 
-18.89389747 -18.7925368967 -17.91389384 
-17.2867956028 -17.4374621745 -17.2866893572 
-14.0942613162 -14.5922890524 -12.6504869437 
-13.1066209961 -13.4845727576 -12.7749780024 
0.0 0.0 0.0 
-19.5455140502 -19.53754992 -19.5302820643 
-19.5668794917 -19.565532845 -19.5621230051 
-19.5752567155 -19.5769040468 -19.5750835997 
-19.5718047976 -19.5750030356 -19.5697461445 
-19.5605790217 -19.5609074583 -19.5668966448 
-19.5444971718 -19.546455929 -19.5514688158 
-19.5133673764 -19.5177635342 -19.5118658128 
-19.4766679967 -19.4642798659 -19.4694694241 
-19.4004515815 -19.382373791 -19.4106379209 
-19.3311219576 -19.3209768132 -19.240153243 
-18.9812579881 -19.0882668614 -19.1214491162 
-18.9458725158 -18.9217010918 -18.9039423723 
-17.8879678844 -17.8787742086 -17.9830671453 
0.0 0.0 0.0 
-19.4587199569 -19.4435886491 -19.4349344958 
-19.5182178427 -19.5227507815 -19.5170141311 
-19.5308577395 -19.5172119178 -19.5192024185 
-19.5112182061 -19.5070208117 -19.5083557784 
-19.5077602606 -19.5035702551 -19.5010750862 
-19.5080409551 -19.5117002241 -19.5079534961 
-19.5079197747 -19.5022765163 -19.5047518416 
-19.4926942313 -19.4889734807 -19.4812572377 
-19.1452378111 -19.3074979811 -19.3953571011 
-18.620126806 -18.1923620349 -17.7975951341 
-16.9223100254 -16.7599511722 -17.0791175523 
-14.0588724569 -14.0226153218 -12.684973709 
-13.3351154709 -12.92975468 -12.4930026805 
0.0 0.0 0.0 
-19.5127432454 -19.4949562816 -19.49687561 
-19.5442983899 -19.5487526564 -19.5463472135 
-19.5556351476 -19.5571041389 -19.5588609359 
-19.5515819132 -19.555975103 -19.5548521533 
-19.5421516641 -19.5461733197 -19.5353804551 
-19.5218917793 -19.5233644645 -19.5301376383 
-19.4894281588 -19.4978322513 -19.4951049128 
-19.4559914727 -19.4502924742 -19.4612350448 
-19.322308615 -19.401930599 -19.3977776895 
-19.3138651418 -19.3064139268 -19.3160923742 
-18.9816722906 -19.1501335743 -19.059269019 
-18.7140032992 -18.6495412988 -18.5953550604 
-16.1599535863 -15.5603035863 -16.410084128 
0.0 0.0 0.0 
-19.4529311776 -19.4454829787 -19.4590083906 
-19.4986627253 -19.5146982081 -19.5110961577 
-19.490393157 -19.4787851506 -19.4875824707 
-19.4712251295 -19.4766960209 -19.4792766144 
-19.4886400956 -19.4883898763 -19.4916469427 
-19.4931794365 -19.480993121 -19.4808644683 
-19.4861302444 -19.4813798706 -19.4772922992 
-19.4405319659 -19.436845762 -19.4308180555 
-19.3742206136 -19.3295171345 -18.6253150057 
-18.0683568831 -18.6633946779 -17.9445961703 
-16.6279142408 -16.639639117 -16.9435986917 
-12.9323165648 -13.8308814604 -12.0677231394 
-12.3272276896 -12.1305134299 -12.2039569952 
0.0 0.0 0.0 
-19.444801281 -19.483905073 -19.4713676278 
-19.5350439311 -19.535622414 -19.5382639313 
-19.5424156121 -19.5447808538 -19.5462973935 
-19.5382020166 -19.538624719 -19.5350474486 
-19.5254797197 -19.5278316758 -19.5247786993 
-19.4968565213 -19.5102852735 -19.498706709 
-19.4645534627 -19.4717088195 -19.4639991356 
-19.3920874001 -19.4332501254 -19.4341832652 
-19.3601815084 -19.3781013555 -19.3770373093 
-19.0102776786 -19.2632744359 -19.2381047736 
-19.0081463983 -19.003478903 -19.0205885978 
-18.3838512411 -18.3845808145 -18.4010835751 
-5.44164257536 0.0 -6.60844712331 
0.0 0.0 0.0 
-19.425911673 -19.409418887 -19.3986506545 
-19.4633879823 -19.4660289286 -19.4362959813 
-19.449611835 -19.447367773 -19.4361720274 
-19.4358955008 -19.4382284315 -19.4379136344 
-19.4467895889 -19.4486467332 -19.4499950959 
-19.4441312908 -19.4484640441 -19.4460963116 
-19.4494933639 -19.4158161661 -19.4399472136 
-19.4283558453 -19.311781234 -19.425853351 
-19.2192068731 -19.2183649913 -18.5282362551 
-18.032131063 -18.0251414441 -18.0703186462 
-15.9662017952 -16.0932028091 -15.8549042391 
-13.925215481 -11.5267146923 -13.2016209718 
-11.7516077826 -11.6196464357 -11.7298486705 
0.0 0.0 0.0 
-19.4152668477 -19.4121998441 -19.4349820436 
-19.4856162879 -19.4837154509 -19.4918216246 
-19.4936167886 -19.4963916297 -19.4990634961 
-19.5021672629 -19.4907644623 -19.4941857285 
-19.4889781073 -19.4844572483 -19.4859766038 
-19.4574042204 -19.4539324661 -19.4584434328 
-19.4150585681 -19.4368824636 -19.4371100204 
-19.3912244594 -19.3490718747 -19.3957842469 
-19.2361054131 -19.3128069554 -19.2875343651 
-18.9768246688 -19.1385512104 -19.0908879755 
-18.9278305513 -18.9082538699 -18.9176034285 
-18.1223366051 -18.1745573023 -18.169310606 
0.0 0.0 0.0 
0.0 0.0 0.0 
-19.3618900526 -19.3463336659 -19.3407765367 
-19.4014566374 -19.4091418659 -19.3899944265 
-19.3940490005 -19.3840377651 -19.3739752162 
-19.3992138705 -19.3919119261 -19.3932533087 
-19.4093498181 -19.4115040535 -19.4130917462 
-19.4083535697 -19.4194863717 -19.42764158 
-19.4063954709 -19.4072771697 -19.3270081016 
-19.2815148716 -19.2183341666 -18.9208169261 
-18.7314160864 -18.6104159706 -18.4133815972 
-18.0000733154 -18.046997246 -18.119998058 
-14.0866837551 -14.8914290814 -12.0869596333 
-12.6550954256 -12.3422144813 -11.03486149 
-10.8995795083 -10.389551395 -9.09715976487 
0.0 0.0 0.0 
-19.3475583062 -19.3665013581 -19.3455740011 
-19.4071707483 -19.4072779508 -19.3951664823 
-19.4380459885 -19.4304622406 -19.4352499464 
-19.4408550511 -19.4383031358 -19.4366149219 
-19.41400367 -19.4279352479 -19.4251853281 
-19.4089661321 -19.3817425424 -19.414000879 
-19.3810505355 -19.3833574222 -19.3244375603 
-19.1204373712 -19.3280702247 -19.2915538229 
-18.9923540021 -19.1065251768 -19.1600312487 
-18.9840072468 -18.9837218074 -18.9792580058 
-18.4872887377 -18.526111648 -18.520504342 
-17.7692932057 -17.8020895427 -17.7260103781 
0.0 0.0 0.0 
0.0 0.0 0.0 
-19.1810807657 -19.1586093244 -19.1759426639 
-19.2889321268 -19.2667607078 -19.2684273087 
-19.2483012015 -19.251466315 -19.2556356362 
-19.2482596432 -19.2400907264 -19.2484478058 
-19.25895782 -19.2656079996 -19.2680688538 
-19.2843755927 -19.2917450506 -19.2860165465 
-19.1104685782 -18.982357062 -19.2050260207 
-19.1215111783 -18.8117339788 -18.7666492008 
-18.4435834912 -18.4681065333 -18.2372925042 
-16.5574388879 -16.577040116 -16.4347033748 
-14.101347725 -10.2395498529 -13.4688231954 
-11.1064879944 -10.5220184771 -10.9116223806 
-8.49841857192 -8.79157766234 -8.49274108438 
0.0 0.0 0.0 
-19.1850273509 -19.1763703981 -19.1606579756 
-19.2814038503 -19.2597097291 -19.2676505581 
-19.2786174755 -19.2722169795 -19.2728859496 
-19.3119363923 -19.3150394324 -19.3018407063 
-19.256910565 -19.2196273083 -19.255329078 
-19.1168511931 -19.2725370015 -19.2804043748 
-18.9707221765 -19.125939158 -19.21227642 
-18.9851693858 -19.0484904641 -19.0451043605 
-18.9743815663 -18.978139352 -18.9740726549 
-18.7574233529 -18.7837117349 -18.810620361 
-18.0964402176 -18.1914544782 -18.0890449028 
-7.0887099003 -5.21599215375 -6.342747308 
0.0 0.0 0.0 
0.0 0.0 0.0 
-19.0023158845 -19.0151089265 -19.0310039691 
-19.0932899877 -19.1085964941 -19.0915519195 
-19.0752924929 -19.0795804631 -19.0586738602 
-19.0970417173 -19.0946574227 -19.0897437063 
-19.1233337042 -19.1211240711 -19.1193973255 
-19.069306858 -19.0889227429 -19.0783073508 
-19.056976364 -19.0434899862 -18.9170215594 
-18.8812145368 -18.7582487452 -18.8237602219 
-18.1489417618 -18.1307664671 -17.9237222695 
-15.1338991216 -13.8817237031 -14.6231607408 
-11.0889618208 -12.4769518399 -9.27187847184 
-10.3832537283 -10.2459684833 -9.6046405371 
-2.22917888323 -2.20303099069 -2.02392166672 
0.0 0.0 0.0 
-18.9386665379 -18.9540097403 -19.0048397993 
-19.1014717064 -19.1110293719 -19.1197379803 
-19.104374587 -19.1283580863 -19.1295087664 
-19.0946199698 -19.1286013308 -19.172932164 
-19.1030730346 -19.0131541994 -19.1850202792 
-18.9839076984 -19.0236415994 -18.9807321433 
-19.0283423991 -18.977613207 -18.994776265 
-18.9253398967 -18.9111504282 -18.935912427 
-18.7296168572 -18.7118063318 -18.7089645259 
-18.2084589109 -18.3685477164 -18.2910486014 
-17.8582696862 -17.8550879386 -17.822794935 
0.0 0.0 0.0 
0.0 0.0 0.0 
0.0 0.0 0.0 
-18.6781839519 -18.7104529967 -18.6709908256 
-18.8567047481 -18.828333268 -18.8374403166 
-18.8463588854 -18.8565833701 -18.8420861158 
-18.8530389853 -18.8491079583 -18.8449183727 
-18.8742178555 -18.8672890563 -18.866554112 
-18.9039284745 -18.9000656879 -18.9064930542 
-18.8374821254 -18.8196994575 -18.8083885835 
-18.0769567795 -17.9199372115 -17.7892540018 
-15.7929820007 -13.8324695916 -15.2933052542 
-12.2670132805 -8.72896783899 -12.9272558041 
-8.80830877748 -9.64565699376 -9.51684818741 
-9.30368070772 -9.34082853521 -9.25944119881 
0.0 0.0 0.0 
0.0 0.0 0.0 
-18.856403628 -18.8400533812 -18.8043531408 
-18.8843813947 -18.8642830589 -18.8606784325 
-18.897006476 -18.8772697151 -18.8989006769 
-18.9135188998 -18.9112792913 -18.9086981056 
-18.878103959 -18.9041665677 -18.9262366149 
-18.8975225898 -18.9330851488 -18.9161565089 
-18.8255179432 -18.6735210602 -18.7251198662 
-18.567107081 -18.5794592544 -18.6104797979 
-18.3019214349 -18.2709505162 -18.2876409902 
-18.0054390259 -17.9762942845 -18.0049362169 
-2.77953888788 -4.64409626645 -2.87667435027 
0.0 0.0 0.0 
0.0 0.0 0.0 
0.0 0.0 0.0 
-18.5451227126 -18.5039924738 -18.5516891121 
-18.6258519764 -18.6298819688 -18.6065655555 
-18.6272532127 -18.6168360833 -18.6288626654 
-18.6420022691 -18.6410633973 -18.6472456818 
-18.6083065164 -18.5765272285 -18.3677348968 
-18.4471554889 -18.3978718775 -18.4711159077 
-17.8585866509 -17.6053193077 -17.6707181192 
-15.4197449621 -13.8030506938 -15.7884484514 
-13.8479840318 -7.66188024312 -12.4534671431 
-9.88903108596 -7.49854244723 -8.59930492745 
-8.78151862894 -8.88597150692 -7.98498246299 
-7.09283140586 -7.50805957122 -7.62298505782 
0.0 0.0 0.0 
0.0 0.0 0.0 
-18.6112583278 -18.6024090819 -18.6300823829 
-18.6942455547 -18.7092454494 -18.6623129688 
-18.6634720536 -18.7208641693 -18.6586164483 
-18.5930554524 -18.6506971462 -18.6635659518 
-18.5199826364 -18.5783338346 -18.5262344 
-18.5654848883 -18.6190259913 -18.6259515413 
-18.443798867 -18.4557579027 -18.4125145962 
-18.2317199132 -18.1971473562 -18.4369759543 
-18.0865630085 -18.0752969627 -18.0748029307 
-10.3318205968 -12.6592944372 -10.1912036792 
0.0 0.0 0.0 
0.0 0.0 0.0 
0.0 0.0 0.0 
0.0 0.0 0.0 
-17.8942159194 -18.0522650724 -18.0870815894 
-18.1362259751 -18.0772025035 -18.0838667684 
-18.0705098137 -18.0325844858 -17.9761154502 
-17.9354551888 -17.828081057 -17.3094064879 
-17.2335257481 -17.2773837494 -17.2157682554 
-13.2276090665 -16.0939672749 -15.7331997842 
-12.2202224826 -14.4787226157 -14.0795641946 
-12.6969421609 -9.59306209262 -11.5378948112 
-8.49721780199 -7.88564378111 -5.89214435268 
-6.3811184233 -6.86210789094 -6.52959833335 
-6.63228873274 -6.51595838843 -7.08530657152 
-3.63515901726 -3.41400965275 -3.05786206968 
0.0 0.0 0.0 
0.0 0.0 0.0 
-18.178505577 -18.2195688094 -18.2404200357 
-18.417069701 -18.4156452063 -18.4350119689 
-18.4378668718 -18.4274788139 -18.4444761791 
-18.390902973 -18.3835874488 -18.39219568 
-18.338400889 -18.325574757 -18.4036099153 
-18.1676943486 -18.2301085547 -18.3323507786 
-18.0830062533 -18.0952054066 -18.0828170413 
-18.0365489321 -18.0442641802 -18.0889577987 
-8.84276170526 -8.13277162931 -8.64976868315 
0.0 0.0 0.0 
0.0 0.0 0.0 
0.0 0.0 0.0 
0.0 0.0 0.0 
0.0 0.0 0.0 
-15.9566390796 -15.8040284479 -15.3191250165 
-16.2128237746 -16.0313436222 -15.9222869601 
-15.6237410486 -15.7070978389 -14.3353730492 
-15.297885378 -15.3454360056 -15.2510111947 
-14.942038217 -14.9558078075 -15.0307729034 
-12.5670963567 -12.0261358034 -9.79685512677 
-10.3731929074 -8.50062407686 -10.2176326022 
-7.67565672457 -7.52394606968 -5.55029624507 
-5.5728822495 -5.33268849032 -4.44446066839 
-4.93104237613 -4.40399863193 -3.89937768249 
-4.76215646065 -4.83418987447 -4.13854008665 
0.0 0.0 -0.7599 
0.0 0.0 0.0 
0.0 0.0 0.0 
-15.4580075584 -15.8725829039 -15.6706503429 
-17.135170633 -17.2024423032 -17.0919294851 
-17.4193155226 -17.4657693852 -17.4527937511 
-17.5367671136 -17.4575951806 -17.4635722813 
-17.3135952987 -17.5514252235 -17.6624199406 
-17.6534247918 -17.4411307221 -17.6054027101 
-17.0684263523 -17.2709019314 -16.998624671 
-3.56531418275 -1.6092306742 -4.97418468679 
0.0 0.0 0.0 
0.0 0.0 0.0 
0.0 0.0 0.0 
0.0 0.0 0.0 
0.0 0.0 0.0 
0.0 0.0 0.0 
-11.7549541187 -11.4917377508 -10.9821718827 
-11.5929171286 -10.9035157929 -11.4506374813 
-11.0774562422 -10.9928155417 -11.099617483 
-10.4600956612 -10.5315950899 -7.04365740967 
-7.57052543081 -7.80236884541 -4.71190625421 
-5.55055877649 -5.28968754386 -3.87130632368 
-4.07142351857 -2.31280660892 -5.28673633031 
-4.3161422982 -4.49101519864 -2.58175788632 
-3.14995121453 -2.38872922895 -3.06379577986 
-2.91729175949 -2.96758726205 -1.80591859384 
-2.51120276781 -2.58640816208 -1.98978393156 
0.0 -0.51 -0.51 
0.0 0.0 0.0 
0.0 0.0 0.0 
-10.7698028828 -11.4931570141 -10.8071185305 
-14.6098685343 -13.3243575631 -13.1976395709 
-13.9512860047 -15.3218674057 -14.6210736721 
-9.72714329958 -12.4927007175 -9.96207489784 
-10.4305312646 -10.5630499247 -11.0409468921 
-3.58579797814 0.0 -0.44535 
0.0 0.0 0.0 
0.0 0.0 0.0 
0.0 0.0 0.0 
0.0 0.0 0.0 
0.0 0.0 0.0 
0.0 0.0 0.0 
0.0 0.0 0.0 
0.0 0.0 0.0 
0.0 0.0 0.0 
0.0 0.0 0.0 
0.0 0.0 0.0 
0.0 0.0 0.0 
0.0 0.0 0.0 
0.0 0.0 0.0 
0.0 0.0 0.0 
0.0 0.0 0.0 
0.0 0.0 0.0 
0.0 0.0 0.0 
0.0 0.0 0.0 
0.0 0.0 0.0 
0.0 0.0 0.0 
0.0 0.0 0.0 
0.0 0.0 0.0 
0.0 0.0 0.0 
0.0 0.0 0.0 
0.0 0.0 0.0 
0.0 0.0 0.0 
0.0 0.0 0.0 
0.0 0.0 0.0 
0.0 0.0 0.0 
0.0 0.0 0.0 
0.0 0.0 0.0 
0.0 0.0 0.0 
0.0 0.0 0.0 
0.0 0.0 0.0 
0.0 0.0 0.0 
-19.3686787396 -19.4470921862 -19.390258287 
-19.509723731 -19.5067840929 -19.4613344008 
-19.473722204 -19.4338845475 -19.431235495 
-19.4001760371 -19.385481457 -19.4201290886 
-19.4418083707 -19.4333652366 -19.4629244344 
-19.4449456297 -19.4144282284 -19.4498426469 
-19.4637803258 -19.4666464555 -19.4704924391 
-19.1868469185 -19.201031703 -19.2500850952 
-19.2556062576 -19.3120750231 -19.2654719006 
-18.8528102208 -18.8219316083 -18.885684169 
-17.3243547292 -17.4506991677 -16.9137768056 
-15.0600667166 -15.0042285624 -14.7419346651 
-13.9563687051 -13.7549812778 -13.107106521 
0.0 0.0 0.0 
-19.5690853917 -19.5687275527 -19.5472483571 
-19.6318197536 -19.6455896426 -19.6277766259 
-19.6687411201 -19.6661955226 -19.6683297468 
-19.6519571773 -19.6470736986 -19.6499725781 
-19.623996804 -19.6321480767 -19.632264935 
-19.5786330443 -19.5765280939 -19.592727026 
-19.4955865155 -19.52422695 -19.5285757329 
-19.3880903139 -19.3960591557 -19.4051676087 
-19.3658653273 -19.3890729441 -19.3952734026 
-19.2813858503 -19.2889876249 -19.2811927916 
-19.2183240116 -19.181809741 -19.1903598695 
-18.862458264 -18.9377646553 -18.9439146732 
-16.399159442 -16.4734890069 -16.8122742273 
0.0 0.0 0.0 
-19.5409629204 -19.5540557223 -19.5520804538 
-19.5581215895 -19.5779544554 -19.5470325712 
-19.4949712347 -19.5169968451 -19.5127320833 
-19.4710347778 -19.4621425718 -19.4463459028 
-19.456790402 -19.4496764287 -19.4606759338 
-19.5035442365 -19.4928872396 -19.488988619 
-19.4860429965 -19.4950745712 -19.4902517374 
-19.5089667431 -19.507576495 -19.5036833645 
-19.4296473433 -19.4250317875 -19.4577506591 
-19.1354346232 -18.9182147208 -18.9474215525 
-17.7500913034 -17.9169316422 -16.9864402312 
-15.3088335852 -15.6725479972 -14.8268699629 
-13.9410655232 -13.9188801889 -13.3694050317 
0.0 0.0 0.0 
-19.6023079345 -19.6181230706 -19.6177092688 
-19.6633567722 -19.6538946426 -19.6602291706 
-19.6818946911 -19.6830805795 -19.6853684015 
-19.6727742966 -19.6727829783 -19.6718895814 
-19.6540118401 -19.6636515955 -19.6632042656 
-19.6133278503 -19.6249868407 -19.634028098 
-19.5867214822 -19.5806934791 -19.5784689617 
-19.5125287388 -19.525941881 -19.5472773973 
-19.4691492045 -19.4575750055 -19.4566254815 
-19.3649044672 -19.3524215148 -19.3700207501 
-19.2631514146 -19.2538811867 -19.2449213293 
-19.1358615362 -19.0918242874 -18.8711635775 
-18.2329851127 -18.1524751278 -18.4212388545 
0.0 0.0 0.0 
-19.5629292537 -19.5792319528 -19.5447398689 
-19.579815732 -19.5748979894 -19.5736028621 
-19.5611864435 -19.5614651918 -19.5507988717 
-19.5212466775 -19.507730326 -19.5189997107 
-19.4894830394 -19.5067707886 -19.4995097804 
-19.4772019552 -19.4771077959 -19.4753962533 
-19.4690398368 -19.4525718839 -19.4564452623 
-19.4636783317 -19.4692667069 -19.474365954 
-19.3907372747 -19.395080664 -19.4150956887 
-19.1453587848 -19.0837403106 -19.1083110765 
-17.8026953609 -17.7305161458 -17.128353293 
-16.1696151852 -15.8039035254 -15.601794255 
-13.9830746965 -13.9035158689 -13.5588072847 
0.0 0.0 0.0 
-19.5918930753 -19.602918962 -19.5984543552 
-19.659961496 -19.654713217 -19.6486961951 
-19.6650004757 -19.6699098182 -19.6722872699 
-19.6741891164 -19.6795481048 -19.6807083048 
-19.6568456842 -19.6667762402 -19.662839074 
-19.6348346352 -19.6400089298 -19.641126961 
-19.5809666564 -19.6071302311 -19.6061736689 
-19.5543686397 -19.5413579761 -19.5530311595 
-19.46670274 -19.4800555743 -19.4778397604 
-19.3128363929 -19.3720075153 -19.3697724671 
-19.2837961027 -19.262954171 -19.2866653146 
-18.9854116953 -19.1292119997 -19.1268109278 
-18.5497661988 -18.5763942953 -18.3245131284 
0.0 0.0 0.0 
-19.5895586461 -19.5844283932 -19.5955012002 
-19.6055493788 -19.6067873362 -19.5973548871 
-19.575139365 -19.579634645 -19.575624142 
-19.5740858414 -19.573452833 -19.5722559923 
-19.5385296606 -19.5293829309 -19.5194079545 
-19.5143920057 -19.5183725008 -19.5097926649 
-19.487480703 -19.4874823216 -19.4862556233 
-19.4706952183 -19.4749753354 -19.4717564552 
-19.4304098456 -19.4091028621 -19.3915445963 
-19.0822476669 -19.0207023925 -18.9148742654 
-17.9286605783 -17.7192772516 -16.9497247659 
-16.0119677807 -15.6801040866 -15.6317834648 
-14.1540822415 -14.4120757055 -13.7271826913 
0.0 0.0 0.0 
-19.6288656998 -19.6137259112 -19.6163054304 
-19.6618344205 -19.6534408475 -19.658189662 
-19.6778928211 -19.6756122542 -19.67756806 
-19.6707513383 -19.6736848977 -19.6710470667 
-19.6613231129 -19.6513248836 -19.6589813601 
-19.6157460643 -19.6585542265 -19.638501928 
-19.5600813798 -19.6197947191 -19.6235140556 
-19.5183660747 -19.5726864707 -19.5489499319 
-19.4751753576 -19.4914790914 -19.4831332259 
-19.3749573822 -19.3787504693 -19.377604673 
-19.2396051468 -19.3107541445 -19.3094445455 
-18.9319796208 -19.1560642546 -19.1910953629 
-18.9994479926 -18.8132354505 -18.5410452189 
0.0 0.0 -0.3 
-19.6258766012 -19.6206160806 -19.6041761167 
-19.6250816322 -19.6322162119 -19.6095767588 
-19.6142305643 -19.6152227352 -19.6114735626 
-19.6022461226 -19.6095051718 -19.6062009072 
-19.6017098827 -19.6035939927 -19.5974690902 
-19.5593604346 -19.5530028562 -19.5416124926 
-19.5256085279 -19.5210662961 -19.5063899506 
-19.4867544755 -19.4831865942 -19.4841495654 
-19.4224193024 -19.4244794438 -19.4018423062 
-19.1010027938 -19.1279558048 -19.0052404889 
-18.0175613573 -17.9276187466 -17.2599042263 
-15.6988137494 -16.0797747035 -15.3726409514 
-14.0287203903 -13.6978673338 -13.9692442681 
-7.29483549741 -5.76587226615 -7.35684899487 
-19.6294255666 -19.6208901267 -19.63416693 
-19.6701043281 -19.6685756214 -19.6675072102 
-19.6727898075 -19.6699810996 -19.6701898643 
-19.6709663845 -19.6707417523 -19.6700103847 
-19.6649022125 -19.6624518361 -19.666260705 
-19.6341503129 -19.6555643695 -19.6532366955 
-19.5876778393 -19.6054909602 -19.6366500949 
-19.5172855519 -19.5665235441 -19.5794215074 
-19.4912033156 -19.4923136972 -19.4992302765 
-19.4005033443 -19.407457408 -19.4047558888 
-19.2112544068 -19.3040302357 -19.2965712588 
-18.9166341915 -19.2246574132 -19.1675088364 
-18.7389748078 -18.4137828599 -18.5363179218 
0.0 0.0 0.0 
-19.6976736442 -19.6916587024 -19.6789447461 
-19.6890273095 -19.6778258961 -19.6797437572 
-19.7024061461 -19.6934953082 -19.6966882826 
-19.7010773257 -19.7005165787 -19.7021329404 
-19.6546771424 -19.6532858175 -19.640754364 
-19.6092249915 -19.5772115433 -19.5911907923 
-19.5801996225 -19.5505037309 -19.5612766986 
-19.5118348121 -19.5089827864 -19.5066723447 
-19.4597876816 -19.458437802 -19.4505677445 
-19.1152981605 -19.1217823843 -18.9212703788 
-17.7315416602 -18.3340853103 -17.3045781531 
-15.9639054457 -16.0253127548 -15.5778661292 
-14.250161333 -14.3077982096 -14.0564829158 
0.0 0.0 0.0 
-19.690596173 -19.6978457878 -19.6818362588 
-19.7340894973 -19.7327828242 -19.7292907804 
-19.7364365059 -19.7353237898 -19.7348815997 
-19.7367972666 -19.7363263957 -19.7334157956 
-19.6836316377 -19.6774986031 -19.6982598826 
-19.6703180581 -19.6633676663 -19.664105583 
-19.6326286988 -19.5953844239 -19.6405428821 
-19.5672712866 -19.5745002661 -19.5761666272 
-19.4747391733 -19.4810647178 -19.4925590175 
-19.4162713634 -19.418023677 -19.4166344771 
-19.3150812504 -19.331468299 -19.3294091777 
-19.1319419543 -19.0082736697 -19.003988293 
-18.8061517009 -19.0352333934 -18.7859347812 
-2.03024526772 -1.38231419529 -0.516659305968 
-19.7766612514 -19.7842763649 -19.7838576661 
-19.7773085209 -19.779992352 -19.7789477668 
-19.7798037887 -19.7803147051 -19.7785769523 
-19.7715025788 -19.7731453136 -19.7533434373 
-19.7588301743 -19.7478930613 -19.6966899249 
-19.6396268133 -19.6589866538 -19.6640160513 
-19.6048395541 -19.6100324442 -19.5931844032 
-19.5264710356 -19.5306661989 -19.5356841377 
-19.4856849951 -19.4851869133 -19.4747252155 
-19.1732065099 -19.2829308904 -18.931773026 
-18.238866861 -17.5553513098 -17.4155333586 
-16.0932628836 -16.229224677 -15.4241730509 
-14.351852508 -14.3932480135 -14.1287100963 
0.0 0.0 0.0 
-19.7537510865 -19.7476705277 -19.7605800581 
-19.7745587338 -19.7816755995 -19.7789689745 
-19.7715505297 -19.7725587562 -19.7767837596 
-19.7587493124 -19.7619477838 -19.7696804495 
-19.7267711049 -19.7458113627 -19.7464428045 
-19.691221084 -19.6987169079 -19.7023580343 
-19.571598786 -19.6642569466 -19.6652023274 
-19.5889934073 -19.5884394992 -19.5874984325 
-19.4516713798 -19.504490777 -19.5072323545 
-19.4072629717 -19.4123082203 -19.4279579244 
-19.3137603913 -19.2972499518 -19.2599968069 
-19.1554604488 -19.0085280508 -19.1701097146 
-18.7760804274 -18.7942278265 -18.8310188982 
-4.02763135033 -3.41897112668 0.0 
-19.790477574 -19.8019339191 -19.804830384 
-19.7961588662 -19.8004371235 -19.8015605521 
-19.8042695335 -19.8039099814 -19.8038707367 
-19.8028687028 -19.8015554321 -19.8020763069 
-19.7822252169 -19.7762442225 -19.7770605822 
-19.6833573723 -19.697691489 -19.6394862162 
-19.6447990177 -19.6372642211 -19.6281645161 
-19.5805107452 -19.5578892493 -19.5536708341 
-19.5283275966 -19.5269748499 -19.5207906332 
-19.2259878977 -19.1500828336 -19.0984581866 
-17.6271052623 -18.0683026929 -17.5551167613 
-16.2617437235 -16.0780220875 -15.3723430082 
-14.587499193 -14.5791945232 -14.446752162 
0.0 0.0 0.0 
-19.7890357537 -19.7898556133 -19.7901858927 
-19.7878451688 -19.7980433428 -19.7970456558 
-19.7866841566 -19.7960918395 -19.7982284689 
-19.7790523305 -19.7812106993 -19.7929144045 
-19.7730095385 -19.7721862984 -19.7725707544 
-19.7320488609 -19.7340461449 -19.7465634158 
-19.6786402334 -19.6788718232 -19.6864527706 
-19.5559707666 -19.573011914 -19.6000521645 
-19.4331832476 -19.4903075701 -19.4924366671 
-19.4308816082 -19.4074746874 -19.4208316291 
-19.2466688644 -19.2876994667 -19.2867891877 
-18.9983559545 -19.1943764425 -19.2159635214 
-18.95654558 -19.0401340324 -18.9959869191 
-8.0017147805 -8.67532983149 -8.06665174669 
-19.8067424204 -19.8133353755 -19.8120362829 
-19.8121988862 -19.8163698844 -19.8173437061 
-19.8303554761 -19.8344984555 -19.8356217947 
-19.8258205344 -19.824443109 -19.8240775339 
-19.8025936461 -19.8036505493 -19.7068454532 
-19.7094804812 -19.708092388 -19.6632528937 
-19.6520367659 -19.6492116807 -19.6520921712 
-19.5879016035 -19.584642043 -19.5659160653 
-19.5439223483 -19.5400311099 -19.5364235012 
-19.1667747154 -19.1585684374 -18.2179518361 
-17.9296323823 -17.5961790117 -17.5433926325 
-15.6094065005 -15.8638356933 -15.3521770792 
-14.9524817696 -14.6508613368 -14.6442372728 
0.0 0.0 0.0 
-19.8084502667 -19.807125698 -19.8098835015 
-19.8005378655 -19.8018958564 -19.8095051048 
-19.7940872396 -19.7986086748 -19.8017116851 
-19.7831243281 -19.7910326553 -19.7978039671 
-19.774002884 -19.7691358827 -19.7753379004 
-19.7429850633 -19.7555690595 -19.7566410655 
-19.6803215754 -19.6396887123 -19.7403684231 
-19.4979870199 -19.5715018285 -19.596456171 
-19.4428924092 -19.5409876193 -19.5001646915 
-19.3909422398 -19.3848203765 -19.403234268 
-19.2671150906 -19.2732267969 -19.2872547522 
-18.9715505179 -19.1632828904 -19.1511678505 
-18.960763355 -18.9717013649 -18.9666292851 
-13.8575006255 -12.6588662357 -14.1146139821 
-19.8142960546 -19.81546163 -19.8146875485 
-19.8160202822 -19.8162305709 -19.80554012 
-19.8141229943 -19.8135450496 -19.7713785852 
-19.8016827248 -19.7988516671 -19.7308243937 
-19.7699069594 -19.7465970811 -19.7090060558 
-19.704641563 -19.6869861357 -19.6926048869 
-19.6433950426 -19.6475227516 -19.5844414551 
-19.5800362189 -19.5875476288 -19.5909777582 
-19.5435834944 -19.531615227 -19.5319680036 
-19.1998536328 -18.9287816646 -17.7994396872 
-17.7695978284 -17.6241053298 -17.4354822778 
-16.0365920166 -15.8669958876 -14.7388041559 
-15.2512225708 -14.9832642856 -14.8007932136 
0.0 0.0 0.0 
-19.798590705 -19.8013912534 -19.8037957925 
-19.8029045168 -19.8128629482 -19.8117996671 
-19.7890258258 -19.8020578561 -19.8112507713 
-19.8032210333 -19.8031353423 -19.8032044738 
-19.7408423576 -19.7847764961 -19.7849520756 
-19.7150409487 -19.7469206942 -19.7450833689 
-19.6932281916 -19.6981996743 -19.6903869816 
-19.5217079719 -19.6039105354 -19.6128424241 
-19.4421363062 -19.5094301188 -19.4915354402 
-19.3539813233 -19.3757251651 -19.3868300762 
-19.2294712797 -19.2305183262 -19.2400096841 
-19.1119012764 -19.0485543883 -19.1466199846 
-18.9771227434 -18.971875551 -19.0160755901 
-16.3480033201 -16.2062762787 -16.6638477775 
-19.7399194689 -19.7491955622 -19.7489494319 
-19.7450274943 -19.7429096645 -19.7416832429 
-19.7627514826 -19.7466771471 -19.7313264643 
-19.735403333 -19.7309765501 -19.7303444323 
-19.6919533475 -19.6857913797 -19.6547801098 
-19.6693076553 -19.6647161761 -19.6246341872 
-19.6128303307 -19.6151429391 -19.6112432659 
-19.5958916475 -19.5941444969 -19.5962892247 
-19.4290857916 -18.9545543083 -19.4549091426 
-18.6737549315 -18.7806746765 -17.9340428019 
-17.5330853939 -17.6754461204 -17.684603527 
-16.0875083046 -15.1536228648 -15.4085002935 
-15.4165658123 -15.157972986 -15.0337370834 
0.0 0.0 0.0 
-19.7356498999 -19.733029591 -19.7313554775 
-19.7504032538 -19.7469303293 -19.7489988656 
-19.7504191425 -19.7509025491 -19.7521805714 
-19.7506113475 -19.754059025 -19.7531620655 
-19.7298169484 -19.765305155 -19.7659077942 
-19.6807625236 -19.7476743584 -19.7385747336 
-19.6771052037 -19.6810152761 -19.6880540591 
-19.5053937116 -19.5309909989 -19.5509111409 
-19.4066802773 -19.4997000313 -19.4996374569 
-19.3151094479 -19.3423223967 -19.3549261227 
-19.1991598427 -19.2015093455 -19.2058735641 
-18.9845485435 -19.110461319 -19.1271811458 
-18.9516451236 -18.9502220616 -18.9484842137 
-17.3144633299 -17.2800090804 -17.5588605223 
-19.6612532299 -19.6591598602 -19.6514278664 
-19.6662802459 -19.6648569007 -19.6430373262 
-19.6795442129 -19.6602666148 -19.6324223597 
-19.6358489405 -19.6366817653 -19.6228091514 
-19.6380375836 -19.5884883283 -19.6415504382 
-19.6090908237 -19.6472200124 -19.5492941556 
-19.5503802298 -19.5814554491 -19.5735607869 
-19.4700762316 -19.4555099518 -19.4316957186 
-19.1124004612 -19.1590317019 -18.5625864231 
-18.5266139892 -17.9530814777 -18.1517166215 
-17.6317264126 -17.6404291927 -17.6330879342 
-15.7179779746 -15.7038666779 -15.336481243 
-15.582992524 -15.5636421608 -15.2309277001 
0.0 0.0 0.0 
-19.6451920362 -19.6452068226 -19.6389126712 
-19.6686658847 -19.6846536079 -19.6511800834 
-19.6809754576 -19.6806341688 -19.6641275644 
-19.7011908084 -19.700910809 -19.6858361991 
-19.7141888031 -19.6970495508 -19.7142202541 
-19.6498910776 -19.6768666677 -19.6877948103 
-19.6506335583 -19.6490337613 -19.6542404858 
-19.445075999 -19.5135167962 -19.4714123416 
-19.3387756546 -19.4781747729 -19.419926638 
-19.2740914228 -19.2865878552 -19.2811014364 
-19.1870530865 -19.1731782371 -19.1695396765 
-18.930479453 -19.0770282812 -19.0769267459 
-18.9055599335 -18.9176990625 -18.9188639707 
-17.3529067478 -17.6137669538 -17.6842109778 
-19.515651675 -19.5271828744 -19.4900713539 
-19.5078722508 -19.525458118 -19.4830783828 
-19.5548920518 -19.5269647806 -19.4812986731 
-19.574519552 -19.5085880152 -19.4717390612 
-19.5106579696 -19.5150829551 -19.4668507765 
-19.4644295691 -19.4500527548 -19.464345638 
-19.330476197 -19.329758022 -19.1078404095 
-19.1664138614 -19.2357565147 -18.4968096867 
-18.8776191762 -18.4181536318 -18.1670636903 
-17.9928496832 -18.0407683985 -18.0506497987 
-17.1123250966 -17.194065213 -17.252520987 
-16.0437117198 -15.6326504665 -16.0608335763 
-15.521602953 -15.533331111 -15.574995817 
0.0 0.0 0.0 
-19.5138769373 -19.5118398599 -19.4793000183 
-19.5290996233 -19.5308127591 -19.4953741594 
-19.533964506 -19.5322238573 -19.5055316977 
-19.5485273181 -19.5433889312 -19.528248863 
-19.5748412968 -19.5748865465 -19.5695099517 
-19.5981100927 -19.597869049 -19.5915474951 
-19.5610751841 -19.4426299807 -19.5621965597 
-19.3094478512 -19.452281657 -19.4429665534 
-19.2581779713 -19.3721038145 -19.3319733831 
-19.2199813563 -19.242096925 -19.2421142395 
-19.0864894327 -19.0893783173 -19.0980244675 
-18.8676369062 -19.0225791384 -18.9450329597 
-18.858917627 -18.8597765563 -18.8479093465 
-17.0133243467 -17.7092016821 -17.9683418077 
-19.373484982 -19.3970196069 -19.3701340653 
-19.3954462065 -19.3922659495 -19.3970868532 
-19.4105876803 -19.4000939018 -19.3816623332 
-19.372377432 -19.3692325336 -19.3273523236 
-19.3242514171 -19.3113148528 -19.2883816842 
-19.2696514833 -18.9816276949 -19.2436775428 
-18.4434297911 -18.8185506502 -19.2001329282 
-18.5076586126 -18.7185195924 -18.2255557836 
-18.4393932839 -18.2386079116 -18.0511721057 
-17.6984512951 -17.7751064381 -17.6797069291 
-16.8197294057 -16.7790903271 -16.5307339292 
-16.1198706219 -16.0020331908 -16.2005550776 
0.0 0.0 0.0 
0.0 0.0 0.0 
-19.3714691092 -19.3720377779 -19.3729948098 
-19.3806390346 -19.3864426971 -19.4006022827 
-19.3997910993 -19.3944486935 -19.390621294 
-19.42009553 -19.4184000623 -19.4138964658 
-19.4440798763 -19.4407252985 -19.4362694774 
-19.453839537 -19.4531843398 -19.4512070291 
-19.1669923226 -19.3627207665 -19.3320580555 
-19.3016235283 -19.1328383655 -19.3305093619 
-19.2076728711 -19.1771192853 -19.2012036634 
-19.1474331062 -19.1408625006 -19.1345670812 
-18.9771909846 -19.0159947597 -19.0020601082 
-18.8193274614 -18.8757745331 -18.9062896116 
-18.816739365 -18.7990346788 -18.807869745 
-16.5287110681 -16.7731420223 -16.9916220926 
-19.005765026 -19.019872407 -18.7240810916 
-19.0219797789 -18.9615946942 -18.6142852836 
-19.1369380237 -19.1176708389 -18.7359332721 
-18.904268862 -18.9902292184 -18.5398438683 
-19.1451765582 -19.0350586286 -18.4769001818 
-18.8008268853 -18.9209569248 -18.3935057813 
-18.6002354232 -18.6690531873 -18.2590894801 
-18.3079469534 -18.1551757446 -18.0394602918 
-18.0460157803 -17.8393021206 -17.8172105206 
-17.2045950799 -17.1878689304 -17.1678840929 
-16.5678159881 -16.6133033013 -16.3767639469 
-16.1981026822 -16.3512237306 -16.320458803 
0.0 0.0 0.0 
0.0 0.0 0.0 
-19.0132984232 -19.0460577578 -19.0511852604 
-18.9531441912 -19.0770221924 -19.0831299033 
-18.9433554163 -19.0740891169 -18.7183578732 
-18.8682891429 -19.0884804983 -19.0917475933 
-19.1233924152 -19.1198804702 -18.9075645874 
-19.1595546821 -19.1540929876 -18.9884712642 
-19.1223124858 -18.9955160324 -19.121971562 
-19.0988085795 -19.0956072074 -18.9958270845 
-19.0253720402 -19.0593891706 -18.9682688195 
-18.9594597874 -18.9640758565 -18.9665888609 
-18.9005963617 -18.9031456567 -18.7632103402 
-18.7265629364 -18.7964216486 -18.8124213479 
-18.6491473353 -18.6257733999 -18.6728765426 
0.0 -10.8828315451 -5.57976246707 
-18.5508609502 -18.5390263903 -18.4811724705 
-18.5841757273 -18.6056542297 -18.3979315812 
-18.659451072 -18.387829498 -18.5183219681 
-18.5012989531 -18.470528287 -18.4021067754 
-18.3723379756 -18.4848542303 -18.307814695 
-18.1952353529 -18.1578183308 -18.1317768151 
-18.1442393481 -18.1528084109 -18.0807310726 
-17.8465404533 -17.8420270628 -17.8437476251 
-17.4294130184 -17.4270009277 -17.4674026605 
-17.0060796801 -17.0701593063 -16.7993563201 
-16.855371277 -16.7286017432 -16.6005593683 
0.0 0.0 0.0 
0.0 0.0 0.0 
0.0 0.0 0.0 
-18.5097482536 -18.4718479992 -18.6921139416 
-18.5858023378 -18.5738953966 -18.4833799331 
-18.5915207865 -18.5265508562 -18.7175124222 
-18.6553591658 -18.6720084878 -18.5825887595 
-18.665818335 -18.6615325805 -18.6067358641 
-18.7332073806 -18.756973545 -18.6487736667 
-18.7087413224 -18.7358758472 -18.7329577818 
-18.7639905705 -18.7626830705 -18.7517382634 
-18.8116550299 -18.8064271158 -18.8025440699 
-18.7248042938 -18.7815350575 -18.7979188904 
-18.5711446194 -18.6978840977 -18.7492965166 
-18.6451509263 -18.6871447857 -18.6742947551 
-18.4711637593 -18.4618030785 -18.4803848185 
0.0 0.0 0.0 
-18.0948907751 -18.0734478581 -18.0595075971 
-18.1387455797 -18.1338750186 -18.2028454008 
-18.1381295193 -18.1820115444 -18.2033659372 
-18.0502026087 -18.1002373877 -18.0283358729 
-17.9722195687 -17.9764008911 -17.971217097 
-17.9966922001 -17.9386824471 -17.9322894354 
-17.8084273468 -17.7972116141 -17.7616737611 
-17.5015695919 -17.5412716493 -17.387051873 
-17.3372169813 -17.3958578034 -17.1679035572 
-16.9642442038 -17.0761978798 -17.1495869189 
0.0 0.0 0.0 
0.0 0.0 0.0 
0.0 0.0 0.0 
0.0 0.0 0.0 
-18.1137530088 -18.0972834429 -18.1214578494 
-18.1851512885 -18.1837588584 -18.2009378374 
-18.2077321707 -18.2122285119 -18.208321931 
-18.2854898147 -18.2793149028 -18.2831575411 
-18.3679276735 -18.3582886795 -18.3569794591 
-18.4408423759 -18.424549468 -18.4225605881 
-18.5315860266 -18.5275995213 -18.493334293 
-18.5914312667 -18.5869639174 -18.5673792508 
-18.6529499937 -18.6450042057 -18.6370252192 
-18.5938012046 -18.413833266 -18.634275612 
-18.5502693855 -18.5570176049 -18.4384541372 
-18.5539701237 -18.5486362126 -18.5275763786 
-18.3220462058 -18.2940757999 -18.336424351 
0.0 0.0 0.0 
-18.1845319301 -18.1474351134 -18.176458696 
-18.1219513047 -18.1006444655 -18.0884831245 
-18.0862978811 -18.0999629517 -18.0521290999 
-18.0718865303 -18.0168210864 -17.950807257 
-17.9451942788 -17.9384347514 -17.8342166238 
-17.8219082024 -17.8284958202 -17.6931038146 
-17.7088199112 -17.7247152997 -17.5246387774 
-17.5181513384 -17.6139830125 -17.3785084507 
0.0 0.0 0.0 
0.0 0.0 0.0 
0.0 0.0 0.0 
0.0 0.0 0.0 
0.0 0.0 0.0 
0.0 0.0 0.0 
-18.0281008069 -17.9850273549 -17.9816564917 
-18.0655147571 -18.0764090198 -18.0648681068 
-18.1162730466 -18.0948581823 -18.1096635107 
-18.1910380468 -18.1775858018 -18.1642981302 
-18.2557581551 -18.2724563866 -18.2308885347 
-18.3206742045 -18.3135392915 -18.3286608505 
-18.4208384458 -18.3919800219 -18.4017170013 
-18.4803221708 -18.4863147776 -18.4351967784 
-18.495844847 -18.2641020815 -18.5019620934 
-18.2943361551 -18.4047317605 -18.3981904684 
-18.3958625568 -18.4057695435 -18.4307883075 
-18.2885790913 -18.3129577474 -18.2985897894 
-18.0235313748 -17.9030598548 -18.0176811612 
0.0 0.0 0.0 
