-19.0753389662 -19.1816378611 -19.1766686177 
-19.1156459627 -19.1175346138 -19.1190837465 
-17.9892916647 -18.635722686 -18.9374026267 
-18.2887049456 -17.8408158034 -18.381655674 
-17.0449781348 -16.7060860948 -16.9426404197 
-16.2359338239 -16.0817980664 -14.9504709604 
-15.3529537822 -16.0463453512 -15.9852802404 
-15.4793064452 -14.133451237 -15.1974171874 
-14.9842074906 -15.2115229863 -15.193795801 
-14.743720962 -14.5850353974 -14.6775829242 
-11.0489398631 -12.0430898689 -9.74157181256 
0.0 0.0 0.0 
0.0 0.0 0.0 
0.0 0.0 0.0 
-18.7425235382 -19.1344607273 -19.0732446201 
-18.5643966588 -18.8390947161 -18.8471698262 
-18.060085865 -18.6306717608 -18.1673084893 
-16.2879899717 -17.3990709898 -17.4366249514 
-16.2841825653 -17.1164182919 -16.7357784575 
-16.2747500007 -16.0748843629 -16.2899642741 
-15.6233564413 -15.8083524487 -15.5497823328 
-13.9646034971 -14.4730006448 -13.9383211185 
-12.7292709165 -12.4995016271 -12.6287636245 
-9.14152691155 -8.95312885508 -8.60828587135 
0.0 0.0 0.0 
0.0 0.0 0.0 
0.0 0.0 0.0 
0.0 0.0 0.0 
-18.8170889521 -18.1488828259 -18.8154622769 
-18.2716017443 -18.1051636125 -18.2378690639 
-17.3852733095 -17.0938150191 -17.3200115591 
-15.0834144942 -15.6547490007 -16.0307654288 
-14.1474765185 -14.7669850952 -14.1932749289 
-13.1731752462 -14.0250753528 -14.0983588399 
-12.991958593 -13.0073647462 -12.7087114348 
-12.2530995602 -12.19466783 -12.1471052547 
0.0 0.0 -1.96093834564 
0.0 0.0 0.0 
0.0 0.0 0.0 
0.0 0.0 0.0 
0.0 0.0 0.0 
0.0 0.0 0.0 
-18.9572058621 -18.1704453438 -18.9469838233 
-17.3003006616 -17.7522285074 -17.9293485314 
-17.063759602 -16.7047375265 -17.1651308303 
-16.5322868665 -16.5254915487 -16.2170226859 
-15.6092937293 -15.7762936431 -15.5845332254 
-14.4370649474 -14.6451246402 -14.6847661366 
-8.4401999155 -7.10721105019 -8.736196093 
0.0 0.0 0.0 
0.0 0.0 0.0 
0.0 0.0 0.0 
0.0 0.0 0.0 
0.0 0.0 0.0 
0.0 0.0 0.0 
0.0 0.0 0.0 
-18.07829674 -17.806911061 -17.9745992743 
-17.2976915395 -17.2923785389 -16.8660327622 
-16.2266780798 -14.6414197766 -15.9256769215 
-14.7256731561 -14.5919954681 -12.9320221912 
-13.2087595979 -12.3998517544 -12.6665927888 
-12.1176882605 -11.2425460492 -12.1133433797 
-10.6008576299 -10.7366926702 -10.5814236792 
-0.3 0.0 0.0 
0.0 0.0 0.0 
0.0 0.0 0.0 
0.0 0.0 0.0 
0.0 0.0 0.0 
0.0 0.0 0.0 
0.0 0.0 0.0 
-17.838857802 -18.2976654671 -18.275936637 
-16.9907981548 -17.017349478 -17.2461822549 
-16.5778574479 -16.2843056093 -16.5028386021 
-15.9775894895 -15.7349194859 -15.7617194223 
-13.0514862826 -12.9262181678 -13.4553515902 
0.0 0.0 -2.84044566294 
0.0 0.0 0.0 
0.0 0.0 0.0 
0.0 0.0 0.0 
0.0 0.0 0.0 
0.0 0.0 0.0 
0.0 0.0 0.0 
0.0 0.0 0.0 
0.0 0.0 0.0 
-17.5076887312 -17.4321427382 -17.5003426115 
-16.420540473 -15.73087712 -16.4633298544 
-14.7718103214 -15.2978923773 -11.861630238 
-11.5279688213 -12.4706992859 -12.3365149404 
-11.5481651187 -11.4709327269 -11.4613602791 
-10.6667224984 -10.1799708619 -10.4872572188 
-2.50791099933 -3.0871125554 -3.14763815679 
0.0 0.0 0.0 
0.0 0.0 0.0 
0.0 0.0 0.0 
0.0 0.0 0.0 
0.0 0.0 0.0 
0.0 0.0 0.0 
0.0 0.0 0.0 
-17.6342012096 -17.5811506962 -17.5251816961 
-16.4586864111 -16.7556920667 -16.6999243916 
-15.7407628031 -15.9685879193 -15.9088064556 
-13.8493873321 -13.6273038099 -13.7894507141 
0.0 -0.3 -2.21764284343 
0.0 0.0 0.0 
0.0 0.0 0.0 
0.0 0.0 0.0 
0.0 0.0 0.0 
0.0 0.0 0.0 
0.0 0.0 0.0 
0.0 0.0 0.0 
0.0 0.0 0.0 
0.0 0.0 0.0 
-17.1292472896 -17.1541347995 -16.8275706285 
-15.5601006889 -14.998239588 -15.3894533257 
-12.4900981334 -12.8486127994 -10.8069349852 
-11.1764280712 -11.3310343192 -10.5942211967 
-10.1804837733 -10.1008492734 -9.35286754327 
-7.36090528663 -7.25422398217 -7.86648876785 
0.0 0.0 0.0 
0.0 0.0 0.0 
0.0 0.0 0.0 
0.0 0.0 0.0 
0.0 0.0 0.0 
0.0 0.0 0.0 
0.0 0.0 0.0 
0.0 0.0 0.0 
-17.344672175 -17.2912393659 -17.3273388524 
-16.0447429419 -16.258276364 -16.0411512258 
-14.0987721862 -14.0275970284 -14.4495421772 
0.0 0.0 -2.75793316635 
0.0 0.0 0.0 
0.0 0.0 0.0 
0.0 0.0 0.0 
0.0 0.0 0.0 
0.0 0.0 0.0 
0.0 0.0 0.0 
0.0 0.0 0.0 
0.0 0.0 0.0 
0.0 0.0 0.0 
0.0 0.0 0.0 
-16.6252721739 -16.3201453195 -16.62751692 
-14.942358426 -14.9795492741 -10.6665310848 
-11.1807831857 -10.9008128186 -9.52633422308 
-9.72101803844 -9.12112640268 -9.60956631446 
-8.45506027367 -8.22333820281 -8.04153268001 
0.0 -0.3 -0.3 
0.0 0.0 0.0 
0.0 0.0 0.0 
0.0 0.0 0.0 
0.0 0.0 0.0 
0.0 0.0 0.0 
0.0 0.0 0.0 
0.0 0.0 0.0 
0.0 0.0 0.0 
-16.7973758015 -17.1236200896 -17.0678429528 
-15.347080967 -15.4307792469 -15.2672094998 
-10.6703401749 -9.48346981073 -10.156810519 
0.0 0.0 0.0 
0.0 0.0 0.0 
0.0 0.0 0.0 
0.0 0.0 0.0 
0.0 0.0 0.0 
0.0 0.0 0.0 
0.0 0.0 0.0 
0.0 0.0 0.0 
0.0 0.0 0.0 
0.0 0.0 0.0 
0.0 0.0 0.0 
-16.097177822 -16.1205097661 -15.3535984571 
-13.8065987836 -13.0905426491 -8.06138679909 
-9.13693529388 -9.46736747804 -8.26664926727 
-8.04299160742 -8.47712277117 -8.58316120429 
-6.62545504399 -6.47497475316 -5.14260721642 
0.0 0.0 -0.3 
0.0 0.0 0.0 
0.0 0.0 0.0 
0.0 0.0 0.0 
0.0 0.0 0.0 
0.0 0.0 0.0 
0.0 0.0 0.0 
0.0 0.0 0.0 
0.0 0.0 0.0 
-16.7877099804 -16.8889971139 -16.799091387 
-14.631851109 -14.790321211 -14.7245841356 
0.0 0.0 0.0 
0.0 0.0 0.0 
0.0 0.0 0.0 
0.0 0.0 0.0 
0.0 0.0 0.0 
0.0 0.0 0.0 
0.0 0.0 0.0 
0.0 0.0 0.0 
0.0 0.0 0.0 
0.0 0.0 0.0 
0.0 0.0 0.0 
0.0 0.0 0.0 
-15.4128572065 -14.7296412253 -14.585066941 
-11.0369907748 -11.2045523877 -7.52039880002 
-7.42450197517 -7.73262231011 -7.68629700626 
-7.1560680203 -7.36955342359 -7.25136002456 
-4.45692037122 -4.59970877995 -4.03264184567 
0.0 0.0 0.0 
0.0 0.0 0.0 
0.0 0.0 0.0 
0.0 0.0 0.0 
0.0 0.0 0.0 
0.0 0.0 0.0 
0.0 0.0 0.0 
0.0 0.0 0.0 
0.0 0.0 0.0 
-16.7748341286 -16.7755260157 -16.7546806955 
-11.9830444016 -12.788143681 -12.4120241982 
0.0 0.0 0.0 
0.0 0.0 0.0 
0.0 0.0 0.0 
0.0 0.0 0.0 
0.0 0.0 0.0 
0.0 0.0 0.0 
0.0 0.0 0.0 
0.0 0.0 0.0 
0.0 0.0 0.0 
0.0 0.0 0.0 
0.0 0.0 0.0 
0.0 0.0 0.0 
-16.1502723713 -13.6519505263 -11.5317184738 
-7.07378715879 -9.20151526745 -6.31623198108 
-6.37423046355 -6.63963113036 -6.69972393392 
-5.60879630284 -6.04844269057 -5.43778612117 
-3.0474291537 -2.48986699299 -2.19199508643 
0.0 0.0 0.0 
0.0 0.0 0.0 
0.0 0.0 0.0 
0.0 0.0 0.0 
0.0 0.0 0.0 
0.0 0.0 0.0 
0.0 0.0 0.0 
0.0 0.0 0.0 
0.0 0.0 0.0 
-16.2818569939 -16.943765648 -16.9597989711 
-3.10732897206 -1.64179878928 -1.70863725937 
0.0 0.0 0.0 
0.0 0.0 0.0 
0.0 0.0 0.0 
0.0 0.0 0.0 
0.0 0.0 0.0 
0.0 0.0 0.0 
0.0 0.0 0.0 
0.0 0.0 0.0 
0.0 0.0 0.0 
0.0 0.0 0.0 
0.0 0.0 0.0 
0.0 0.0 0.0 
-12.3502441606 -11.1146955892 -10.1709322928 
-7.12298552481 -6.29558655716 -5.45721083575 
-4.92234842276 -5.16324434201 -4.74293058042 
-4.43803631058 -4.62892701312 -4.68960774065 
-2.10808623545 -1.24148505037 -1.02580206214 
0.0 0.0 0.0 
0.0 0.0 0.0 
0.0 0.0 0.0 
0.0 0.0 0.0 
0.0 0.0 0.0 
0.0 0.0 0.0 
0.0 0.0 0.0 
0.0 0.0 0.0 
0.0 0.0 0.0 
-16.4556098397 -16.3608421593 -16.5427573609 
0.0 0.0 0.0 
0.0 0.0 0.0 
0.0 0.0 0.0 
0.0 0.0 0.0 
0.0 0.0 0.0 
0.0 0.0 0.0 
0.0 0.0 0.0 
0.0 0.0 0.0 
0.0 0.0 0.0 
0.0 0.0 0.0 
0.0 0.0 0.0 
0.0 0.0 0.0 
0.0 0.0 0.0 
-10.2173023941 -7.93930696025 -9.60366947541 
-4.78783764173 -4.81609796931 -4.4263913195 
-4.04307893143 -4.11377189347 -3.78684821393 
-3.52013975627 -3.48890430442 -3.25008689253 
0.0 -0.832128240767 0.0 
0.0 0.0 0.0 
0.0 0.0 0.0 
0.0 0.0 0.0 
0.0 0.0 0.0 
0.0 0.0 0.0 
0.0 0.0 0.0 
0.0 0.0 0.0 
0.0 0.0 0.0 
0.0 0.0 0.0 
-16.3646222492 -16.3432691643 -16.3006659167 
0.0 0.0 0.0 
0.0 0.0 0.0 
0.0 0.0 0.0 
0.0 0.0 0.0 
0.0 0.0 0.0 
0.0 0.0 0.0 
0.0 0.0 0.0 
0.0 0.0 0.0 
0.0 0.0 0.0 
0.0 0.0 0.0 
0.0 0.0 0.0 
0.0 0.0 0.0 
0.0 0.0 0.0 
-9.41537959492 -8.57044987628 -5.8140970706 
-4.08311748683 -3.4323224262 -3.78242117864 
-2.9881083108 -2.8284931355 -2.93632743552 
-2.65422439371 -2.65999361141 -2.66559994593 
0.0 0.0 0.0 
0.0 0.0 0.0 
0.0 0.0 0.0 
0.0 0.0 0.0 
0.0 0.0 0.0 
0.0 0.0 0.0 
0.0 0.0 0.0 
0.0 0.0 0.0 
0.0 0.0 0.0 
0.0 0.0 0.0 
-13.799910029 -14.1583590588 -14.5797831508 
0.0 0.0 0.0 
0.0 0.0 0.0 
0.0 0.0 0.0 
0.0 0.0 0.0 
0.0 0.0 0.0 
0.0 0.0 0.0 
0.0 0.0 0.0 
0.0 0.0 0.0 
0.0 0.0 0.0 
0.0 0.0 0.0 
0.0 0.0 0.0 
0.0 0.0 0.0 
0.0 0.0 0.0 
-7.07932768053 -3.49368806975 -5.04654332 
-2.7956980632 -2.81489736732 -2.33738893862 
-2.37014643315 -2.00338233724 -2.16102699243 
-1.91111573149 -1.90520590899 -1.8922024059 
0.0 0.0 0.0 
0.0 0.0 0.0 
0.0 0.0 0.0 
0.0 0.0 0.0 
0.0 0.0 0.0 
0.0 0.0 0.0 
0.0 0.0 0.0 
0.0 0.0 0.0 
0.0 0.0 0.0 
0.0 0.0 0.0 
-10.4179458993 -10.3668608308 -8.28234754248 
0.0 0.0 0.0 
0.0 0.0 0.0 
0.0 0.0 0.0 
0.0 0.0 0.0 
0.0 0.0 0.0 
0.0 0.0 0.0 
0.0 0.0 0.0 
0.0 0.0 0.0 
0.0 0.0 0.0 
0.0 0.0 0.0 
0.0 0.0 0.0 
0.0 0.0 0.0 
0.0 0.0 0.0 
-4.22148111991 -1.79943335574 -3.36076305231 
-1.48269321842 -1.01880462059 -1.24799902222 
-1.11162169104 -1.0 -1.0 
-0.999967800942 -0.999954001346 -0.999954001346 
-0.3 0.0 0.0 
0.0 0.0 0.0 
0.0 0.0 0.0 
0.0 0.0 0.0 
0.0 0.0 0.0 
0.0 0.0 0.0 
0.0 0.0 0.0 
0.0 0.0 0.0 
0.0 0.0 0.0 
0.0 0.0 0.0 
-8.07777119238 -7.48871515181 -6.20169456776 
0.0 0.0 0.0 
0.0 0.0 0.0 
0.0 0.0 0.0 
0.0 0.0 0.0 
0.0 0.0 0.0 
0.0 0.0 0.0 
0.0 0.0 0.0 
0.0 0.0 0.0 
0.0 0.0 0.0 
0.0 0.0 0.0 
0.0 0.0 0.0 
0.0 0.0 0.0 
0.0 0.0 0.0 
0.0 0.0 0.0 
0.0 0.0 0.0 
0.0 0.0 0.0 
0.0 0.0 0.0 
0.0 0.0 0.0 
0.0 0.0 0.0 
0.0 0.0 0.0 
0.0 0.0 0.0 
0.0 0.0 0.0 
0.0 0.0 0.0 
0.0 0.0 0.0 
0.0 0.0 0.0 
0.0 0.0 0.0 
0.0 0.0 0.0 
0.0 0.0 0.0 
0.0 0.0 0.0 
0.0 0.0 0.0 
0.0 0.0 0.0 
0.0 0.0 0.0 
0.0 0.0 0.0 
0.0 0.0 0.0 
0.0 0.0 0.0 
0.0 0.0 0.0 
0.0 0.0 0.0 
0.0 0.0 0.0 
0.0 0.0 0.0 
0.0 0.0 0.0 
0.0 0.0 0.0 
0.0 0.0 0.0 
0.0 0.0 0.0 
0.0 0.0 0.0 
0.0 0.0 0.0 
0.0 0.0 0.0 
0.0 0.0 0.0 
0.0 0.0 0.0 
0.0 0.0 0.0 
0.0 0.0 0.0 
0.0 0.0 0.0 
0.0 0.0 0.0 
0.0 0.0 0.0 
0.0 0.0 0.0 
0.0 0.0 0.0 
0.0 0.0 0.0 
0.0 0.0 0.0 
0.0 0.0 0.0 
0.0 0.0 0.0 
0.0 0.0 0.0 
0.0 0.0 0.0 
0.0 0.0 0.0 
0.0 0.0 0.0 
0.0 0.0 0.0 
0.0 0.0 0.0 
0.0 0.0 0.0 
0.0 0.0 0.0 
0.0 0.0 0.0 
0.0 0.0 0.0 
0.0 0.0 0.0 
0.0 0.0 0.0 
0.0 0.0 0.0 
0.0 0.0 0.0 
0.0 0.0 0.0 
0.0 0.0 0.0 
0.0 0.0 0.0 
0.0 0.0 0.0 
0.0 0.0 0.0 
0.0 0.0 0.0 
0.0 0.0 0.0 
0.0 0.0 0.0 
0.0 0.0 0.0 
0.0 0.0 0.0 
0.0 0.0 0.0 
0.0 0.0 0.0 
0.0 0.0 0.0 
0.0 0.0 0.0 
0.0 0.0 0.0 
0.0 0.0 0.0 
0.0 0.0 0.0 
0.0 0.0 0.0 
0.0 0.0 0.0 
0.0 0.0 0.0 
0.0 0.0 0.0 
0.0 0.0 0.0 
0.0 0.0 0.0 
0.0 0.0 0.0 
0.0 0.0 0.0 
0.0 0.0 0.0 
0.0 0.0 0.0 
0.0 0.0 0.0 
0.0 0.0 0.0 
0.0 0.0 0.0 
0.0 0.0 0.0 
0.0 0.0 0.0 
0.0 0.0 0.0 
0.0 0.0 0.0 
0.0 0.0 0.0 
0.0 0.0 0.0 
0.0 0.0 0.0 
0.0 0.0 0.0 
0.0 0.0 0.0 
0.0 0.0 0.0 
0.0 0.0 0.0 
0.0 0.0 0.0 
0.0 0.0 0.0 
0.0 0.0 0.0 
0.0 0.0 0.0 
0.0 0.0 0.0 
0.0 0.0 0.0 
0.0 0.0 0.0 
0.0 0.0 0.0 
0.0 0.0 0.0 
0.0 0.0 0.0 
0.0 0.0 0.0 
-19.781396551 -19.8187087832 -19.8185486862 
-19.441063389 -19.363904807 -19.2987356831 
-19.0251188987 -18.7667677955 -18.9663061743 
-18.4931304168 -18.2659517826 -18.4005699608 
-17.3874283873 -17.2837167539 -16.617558141 
-16.5315445341 -16.487741215 -16.4188648293 
-16.4364176953 -16.410455429 -16.4337461371 
-16.2418319694 -16.2290523483 -15.3747474453 
-15.8590177058 -15.9989150484 -15.890362738 
-15.8499899937 -15.863642059 -15.3329543626 
-14.64085339 -14.5932404883 -14.6790648707 
0.0 0.0 0.0 
0.0 0.0 0.0 
0.0 0.0 0.0 
-19.7115240014 -19.794271504 -19.7994911034 
-19.0272778254 -19.2588588869 -19.3224065327 
-18.8840483148 -19.1536778136 -19.1605553247 
-18.8327259747 -18.9709214307 -18.9788965504 
-18.6047406639 -18.5295466128 -18.6586150966 
-16.5012815242 -17.7941910321 -18.3078054693 
-16.2483366817 -16.3969873944 -17.023208164 
-16.0159279973 -16.4412063847 -16.2913266861 
-14.89442227 -15.2796375672 -15.3506387039 
-13.9000051333 -14.0805195282 -14.1612394926 
-10.5642435051 -10.5528308771 -10.4070913272 
-6.88697511021 -7.11940458326 -6.86750082056 
-0.3 0.0 0.0 
0.0 0.0 0.0 
-19.7550749288 -19.7471764176 -19.6192420223 
-19.5020892787 -19.3073277114 -19.5514267354 
-18.8603935351 -18.7106604176 -18.6593793643 
-18.3512913535 -18.1723986181 -18.1819749373 
-17.3422241955 -17.0698372858 -17.0272401733 
-16.7231694052 -16.7875155635 -16.4960080076 
-16.3865341056 -16.3275010096 -16.357583163 
-16.2922756775 -16.3274248514 -16.0303731592 
-16.0304596434 -15.9482496314 -15.978508178 
-15.5689076141 -15.5396783849 -15.5727237371 
-9.27950551452 -6.2044017185 -7.05531383097 
0.0 0.0 0.0 
0.0 0.0 0.0 
0.0 0.0 0.0 
-19.6762585997 -19.7001093733 -19.7140589751 
-19.4266517504 -19.4694097004 -19.4616358132 
-19.1960791151 -19.3412810065 -19.3405611162 
-19.1635347969 -19.1579898859 -19.1504578177 
-18.8698207439 -18.9568766974 -19.0021447056 
-18.6310940221 -18.6172802682 -18.665120867 
-17.4935518719 -17.8764387067 -17.9695914994 
-17.0548112309 -16.9976267821 -16.9045780105 
-16.1351816152 -16.1381465256 -16.2792777559 
-14.3419751568 -14.6106817596 -15.2484601339 
-10.7562136821 -11.0874266805 -11.3970411576 
-5.69034678874 -7.15423070123 -7.74401195203 
-1.658925954 -1.51718308788 -1.89338596965 
0.0 0.0 0.0 
-19.6676361331 -19.6688829909 -19.6654465732 
-19.5371648615 -19.1904858642 -19.4305840808 
-18.515134813 -18.5607486797 -18.5265957356 
-17.812762472 -17.7906377652 -17.4093088303 
-16.9176153552 -16.8733362194 -16.746388104 
-16.7090213025 -16.6734858788 -16.5244717979 
-16.4811315582 -16.4433191222 -16.4218414299 
-16.1541695982 -16.222393441 -16.149024931 
-16.1133328223 -15.9643555344 -16.0913280344 
-14.0255624667 -14.1865088372 -13.9666490773 
0.0 0.0 0.0 
0.0 0.0 0.0 
0.0 0.0 0.0 
0.0 0.0 0.0 
-19.6585462691 -19.6600559927 -19.6273829655 
-19.3702528482 -19.4450146635 -19.4821669043 
-19.1956105219 -19.3024164898 -19.3042222565 
-19.1013734872 -19.1407295287 -19.1870892114 
-18.8412170658 -18.923654505 -18.9148712077 
-18.6267512824 -18.6503956339 -18.7481026685 
-17.7017541279 -17.9433277838 -17.9590032113 
-17.2870235314 -17.3032368677 -17.3170901062 
-16.3919978189 -16.5897475103 -16.4415893991 
-14.7341369092 -14.7346444598 -14.5562237413 
-11.0912257655 -11.6127081002 -11.9483288294 
-7.45967059257 -7.37670509986 -8.28956208364 
-1.52260366902 -1.87645091817 -3.23857998667 
0.0 0.0 0.0 
-19.6572898746 -19.6532736116 -19.5564224427 
-19.2624868011 -19.2537551648 -19.2090350359 
-18.3629374242 -18.3919102019 -18.2623364837 
-17.3267987355 -17.4296451783 -17.0431205317 
-16.9715678926 -16.8076697469 -16.7287890579 
-16.5356688973 -16.489923987 -16.4894702308 
-16.4643591713 -16.4379562086 -16.387803684 
-16.2230169294 -16.230872313 -16.2157894878 
-15.5481785142 -15.6072297064 -15.5145891819 
0.0 0.0 0.0 
0.0 0.0 0.0 
0.0 0.0 0.0 
0.0 0.0 0.0 
0.0 0.0 0.0 
-19.6022970128 -19.5718247645 -19.6037663562 
-19.2652967221 -19.3547473485 -19.530516394 
-19.226977883 -19.253737841 -19.1920480999 
-19.0019557045 -19.0691812161 -19.1122613599 
-18.7487570531 -18.8128775459 -18.9215356247 
-18.5218798318 -18.5843763855 -18.6376023972 
-17.8914332997 -18.1494409985 -18.0680205173 
-17.538297351 -17.4795225056 -17.4126042494 
-16.5020525679 -16.5562492022 -16.4715112086 
-14.7114467852 -14.9610566504 -15.2145812096 
-11.187176412 -11.2019918012 -11.2896547984 
-7.59005959831 -8.37214063081 -8.43590872344 
-1.29898349585 -1.04839916016 -1.20118201517 
0.0 0.0 0.0 
-19.6151663006 -19.5351055262 -19.6157207013 
-18.9132516216 -18.9247156121 -18.6427125566 
-18.1268107884 -17.5562043439 -18.046143485 
-17.2524259868 -17.0929326705 -17.0305251541 
-16.8230271532 -16.676232842 -16.6938751191 
-16.5279150881 -16.5463720632 -16.5362889336 
-16.4232061254 -16.4212090677 -16.3737260459 
-16.1129637886 -16.1545762916 -16.1396398938 
0.0 0.0 0.0 
0.0 0.0 0.0 
0.0 0.0 0.0 
0.0 0.0 0.0 
0.0 0.0 0.0 
0.0 0.0 0.0 
-19.5154450527 -19.4502173251 -19.5404020881 
-19.2693960147 -19.2938477047 -19.2936466905 
-19.0840923579 -19.1271542403 -19.1633557232 
-18.9126677702 -18.9420435025 -18.9638739341 
-18.6788898126 -18.7226660188 -18.731005025 
-18.4034932246 -18.4648097134 -18.4822194089 
-17.8222419033 -17.8146986362 -17.8868151206 
-17.2923109551 -17.3704037063 -17.2964363001 
-16.7213544421 -16.6484810264 -16.835836313 
-14.7976163731 -14.7422518322 -15.6372713383 
-11.6477586941 -11.7716750421 -12.2166543937 
-6.21464020659 -7.56995961537 -7.40246774068 
-2.08496374589 -1.41514686014 -1.91478285678 
0.0 0.0 0.0 
-19.5022468839 -19.4820540518 -19.4820831467 
-18.7540927059 -18.7819441108 -18.7627750535 
-17.7351295388 -17.6895529508 -17.6876190382 
-17.0536519193 -17.0490030018 -17.0193214661 
-16.6805326745 -16.6519934815 -16.6376355041 
-16.5210281907 -16.5297473493 -16.5253586446 
-16.2902655761 -16.3475079797 -16.3319982914 
0.0 -12.371673801 -8.35312936261 
0.0 0.0 0.0 
0.0 0.0 0.0 
0.0 0.0 0.0 
0.0 0.0 0.0 
0.0 0.0 0.0 
0.0 0.0 0.0 
-19.3863981764 -19.3501591383 -19.3579073702 
-19.1947727832 -19.0838681587 -19.1552733364 
-18.9877261654 -18.9396712989 -18.978738218 
-18.8140424306 -18.8445664565 -18.8484471111 
-18.6338066521 -18.5870029918 -18.7058238924 
-18.3431558593 -18.4002948105 -18.3090190428 
-17.8599761119 -17.813304427 -17.9020324142 
-17.4013859574 -17.3602651246 -17.3845717535 
-16.7274056568 -16.496043379 -16.6440418038 
-14.7567634188 -14.690258633 -14.6186347178 
-10.5602736322 -10.3928221629 -10.6910986259 
-5.25410031917 -3.95215871265 -3.66774466986 
0.0 0.0 -0.748211007081 
0.0 0.0 0.0 
-19.1124911404 -19.2405793646 -19.0672456009 
-18.2686044145 -18.2950611293 -17.9986677478 
-17.4035883808 -17.4486050701 -17.449508557 
-16.9793411751 -16.9029474464 -16.8826965635 
-16.6820457432 -16.6412745917 -16.6774707313 
-16.4797011914 -16.4655634634 -16.4482975798 
-14.4857899191 -14.5056432111 -14.8831351684 
0.0 0.0 0.0 
0.0 0.0 0.0 
0.0 0.0 0.0 
0.0 0.0 0.0 
0.0 0.0 0.0 
0.0 0.0 0.0 
0.0 0.0 0.0 
-19.1317685971 -19.1052156484 -19.1348273733 
-19.0161634895 -19.0183820522 -19.015503179 
-18.8435026335 -18.9214113899 -18.809849353 
-18.7130664196 -18.7445993798 -18.686468087 
-18.5393980091 -18.5265569566 -18.5027233221 
-18.0425173791 -18.1489453013 -18.1481520236 
-17.7417320857 -17.7192811926 -17.7570145977 
-17.332082384 -17.3744353777 -17.4399822403 
-16.4054496772 -16.4586158335 -16.6015529064 
-14.6195916558 -14.3026101512 -14.5102814609 
-11.4121839905 -10.7897190899 -11.0733883324 
-3.31031683513 -3.49243718663 -3.66189140633 
0.0 0.0 0.0 
0.0 0.0 0.0 
-18.9743404516 -19.1232485471 -18.9036960619 
-17.784123912 -17.9311347051 -17.7555679547 
-17.3732872927 -17.4373099758 -17.2034669956 
-16.8804559062 -16.8299859067 -16.8873344265 
-16.6767242848 -16.6759336587 -16.5728228753 
-16.3920152354 -16.281971131 -15.765542958 
0.0 0.0 0.0 
0.0 0.0 0.0 
0.0 0.0 0.0 
0.0 0.0 0.0 
0.0 0.0 0.0 
0.0 0.0 0.0 
0.0 0.0 0.0 
0.0 0.0 0.0 
-18.9898959514 -19.0382956024 -19.0269091786 
-18.76674865 -18.8478126767 -18.8189920336 
-18.6929302486 -18.7369067137 -18.769234457 
-18.6064331979 -18.6190162289 -18.6208273806 
-18.3319828254 -18.3977599709 -18.3753747233 
-18.0185257359 -17.9414036269 -17.9865609506 
-17.6941097113 -17.7645206933 -17.7363198384 
-17.207964514 -17.2080946493 -17.2297180178 
-16.1952317631 -16.3202941193 -16.276884682 
-14.4904004168 -14.4454428363 -14.8738778256 
-9.14889680585 -9.27252133578 -8.6284563619 
-1.83483444575 -1.7096081705 -1.57391181574 
0.0 0.0 0.0 
0.0 0.0 0.0 
-19.0491389039 -18.595242713 -19.0624772307 
-17.6613196897 -17.7032545759 -17.7847220812 
-17.12905182 -17.175573624 -17.2110487319 
-16.8818845364 -16.8638308263 -16.8035218482 
-16.6822463924 -16.6932779478 -16.4540870915 
-4.20501583676 -6.76449343443 -4.46763633588 
0.0 0.0 0.0 
0.0 0.0 0.0 
0.0 0.0 0.0 
0.0 0.0 0.0 
0.0 0.0 0.0 
0.0 0.0 0.0 
0.0 0.0 0.0 
0.0 0.0 0.0 
-18.973586866 -18.8545176364 -18.9851653069 
-18.7571731488 -18.7469465312 -18.7256454102 
-18.6155398976 -18.633499793 -18.6359056592 
-18.5107206029 -18.5106896975 -18.5172101563 
-18.2379363651 -18.2945536725 -18.2885192402 
-17.9271722293 -17.9917678896 -17.9221199077 
-17.5677295843 -17.6250368273 -17.5906307775 
-17.1817147614 -17.0759562722 -17.3389492363 
-16.2153549545 -16.4169116819 -16.3373085301 
-12.9515234193 -13.6896123848 -12.9319005212 
-5.61837655683 -6.06477977011 -6.98710740735 
0.0 0.0 -0.513965844436 
0.0 0.0 0.0 
0.0 0.0 0.0 
-18.6523709113 -18.4445512575 -18.2708704312 
-17.8330507084 -17.6828486673 -17.545925955 
-17.1759197279 -17.0743093944 -17.0793364501 
-16.9250661571 -16.9405845054 -16.709625332 
-16.4454548266 -16.4158897659 -16.4300732948 
0.0 0.0 0.0 
0.0 0.0 0.0 
0.0 0.0 0.0 
0.0 0.0 0.0 
0.0 0.0 0.0 
0.0 0.0 0.0 
0.0 0.0 0.0 
0.0 0.0 0.0 
0.0 0.0 0.0 
-18.6792659535 -18.5271464518 -18.6930328038 
-18.6242902828 -18.6146773355 -18.5676070804 
-18.5332407717 -18.5618475235 -18.5494492132 
-18.3926386495 -18.4098973618 -18.3695027619 
-18.0784510867 -18.1158316817 -18.1105123093 
-17.895128988 -17.8911866786 -17.9386609247 
-17.5257579396 -17.5676213229 -17.6131063813 
-17.104719775 -17.0854766571 -17.1585048364 
-16.1921335819 -16.1482005174 -16.4176224494 
-11.1682538356 -12.1719353388 -12.4012829834 
-3.83569495606 -2.17623001851 -4.62228464203 
0.0 0.0 0.0 
0.0 0.0 0.0 
0.0 0.0 0.0 
-18.1162027517 -18.3577370688 -18.3043115101 
-17.5378685404 -17.5399498124 -17.4625762775 
-17.0930497557 -17.1149948072 -16.9543735484 
-16.9226933485 -16.9144695346 -16.7657743465 
0.0 0.0 0.0 
0.0 0.0 0.0 
0.0 0.0 0.0 
0.0 0.0 0.0 
0.0 0.0 0.0 
0.0 0.0 0.0 
0.0 0.0 0.0 
0.0 0.0 0.0 
0.0 0.0 0.0 
0.0 0.0 0.0 
-18.5277997835 -18.4981459385 -18.5234336063 
-18.4982708325 -18.5002848435 -18.4904652238 
-18.4517750942 -18.4477533002 -18.4597019179 
-18.262783758 -18.2264123474 -18.2849488345 
-18.062884845 -18.0007266688 -18.0457323618 
-17.797313182 -17.7911015964 -17.7337550009 
-17.4690580729 -17.4160227358 -17.5360811151 
-17.2224155938 -17.3173635933 -17.3331171067 
-15.4950996949 -15.6109571849 -15.3123198751 
-6.25544090672 -7.71578933641 -8.23685246028 
-0.5955 -0.3 0.0 
0.0 0.0 0.0 
0.0 0.0 0.0 
0.0 0.0 0.0 
-18.2360193094 -18.2559991256 -18.2562685296 
-17.4157306346 -17.4062067803 -17.410646144 
-17.1742014337 -17.0657655531 -16.9716511427 
-15.1009871392 -14.6308326924 -15.1518219247 
0.0 0.0 0.0 
0.0 0.0 0.0 
0.0 0.0 0.0 
0.0 0.0 0.0 
0.0 0.0 0.0 
0.0 0.0 0.0 
0.0 0.0 0.0 
0.0 0.0 0.0 
0.0 0.0 0.0 
0.0 0.0 0.0 
-18.4093870241 -18.4575209411 -18.3555328548 
-18.4428850344 -18.4084650372 -18.4225398448 
-18.323311033 -18.3421768773 -18.3423607047 
-18.1326002088 -18.1179250016 -18.1735907703 
-17.9867145272 -18.0095415567 -18.0146480262 
-17.7617581623 -17.7997362381 -17.8344386976 
-17.5442367862 -17.523251576 -17.564282459 
-17.0264363115 -17.1184880473 -17.1056975728 
-12.9744333967 -14.9342839903 -14.5986181123 
-4.11691361387 -4.87414061325 -5.96192853349 
-0.3 0.0 0.0 
0.0 0.0 0.0 
0.0 0.0 0.0 
0.0 0.0 0.0 
-17.9617898053 -18.189451361 -18.1770231172 
-17.3890064195 -17.3721571585 -17.2677422466 
-17.2231171395 -17.2287858115 -17.1911934262 
0.0 0.0 0.0 
0.0 0.0 0.0 
0.0 0.0 0.0 
0.0 0.0 0.0 
0.0 0.0 0.0 
0.0 0.0 0.0 
0.0 0.0 0.0 
0.0 0.0 0.0 
0.0 0.0 0.0 
0.0 0.0 0.0 
0.0 0.0 0.0 
-18.4370980606 -18.4311586874 -18.3220831068 
-18.3852189563 -18.3596970511 -18.3601320128 
-18.2548926347 -18.2531284162 -18.2610118681 
-18.1144399417 -18.1055137762 -18.1323333329 
-17.9359781941 -17.9379395321 -17.9822796465 
-17.724090987 -17.772392664 -17.7034274404 
-17.5603954818 -17.6046495174 -17.5623439203 
-17.1562637768 -17.2544047792 -17.2269068546 
-12.6871625804 -12.4334805236 -13.4830227196 
-2.3066230405 -3.20649027562 -1.78267095228 
0.0 0.0 0.0 
0.0 0.0 0.0 
0.0 0.0 0.0 
0.0 0.0 0.0 
-18.0108277567 -18.0214042652 -18.0329568552 
-17.4898789235 -17.4530057233 -17.3605595341 
-6.43097725297 -9.10470136309 -4.43038129215 
0.0 0.0 0.0 
0.0 0.0 0.0 
0.0 0.0 0.0 
0.0 0.0 0.0 
0.0 0.0 0.0 
0.0 0.0 0.0 
0.0 0.0 0.0 
0.0 0.0 0.0 
0.0 0.0 0.0 
0.0 0.0 0.0 
0.0 0.0 0.0 
-18.3697029629 -18.3811736494 -18.2557704457 
-18.2743674831 -18.3097651504 -18.3213404606 
-18.1945798861 -18.1976722554 -18.2187944851 
-18.0780682426 -18.1085888933 -18.0936967112 
-17.9050741855 -17.8880336834 -17.9306098686 
-17.6565933098 -17.7052134121 -17.6618562392 
-17.5826229124 -17.6470781853 -17.6324554714 
-16.8965798484 -16.8763742077 -16.9724400991 
-12.7308068376 -10.3518125882 -12.1486898115 
-0.3 -1.53287802395 -1.07772476035 
0.0 0.0 0.0 
0.0 0.0 0.0 
0.0 0.0 0.0 
0.0 0.0 0.0 
-17.9303767953 -17.8734623268 -17.9143018013 
-17.5835234191 -17.5897008245 -17.5202358606 
0.0 0.0 0.0 
0.0 0.0 0.0 
0.0 0.0 0.0 
0.0 0.0 0.0 
0.0 0.0 0.0 
0.0 0.0 0.0 
0.0 0.0 0.0 
0.0 0.0 0.0 
0.0 0.0 0.0 
0.0 0.0 0.0 
0.0 0.0 0.0 
0.0 0.0 0.0 
-18.3200181122 -18.3278442654 -18.0912654174 
-18.2300204784 -18.2605377945 -18.2253315384 
-18.1508584964 -18.1560289535 -18.1529373177 
-18.0457264819 -18.0726681538 -18.0571635789 
-17.9368709547 -17.9633655202 -17.8910687513 
-17.8347029747 -17.7893049671 -17.7725817002 
-17.5977877814 -17.5972902037 -17.6633473151 
-16.5240077663 -16.8646966736 -16.6967522649 
-11.7965266306 -10.7873253501 -11.0720265558 
-0.3 0.0 0.0 
0.0 0.0 0.0 
0.0 0.0 0.0 
0.0 0.0 0.0 
0.0 0.0 0.0 
-17.8206646096 -17.777825923 -17.9264363309 
-17.3840269228 -17.3934067625 -17.4001118812 
0.0 0.0 0.0 
0.0 0.0 0.0 
0.0 0.0 0.0 
0.0 0.0 0.0 
0.0 0.0 0.0 
0.0 0.0 0.0 
0.0 0.0 0.0 
0.0 0.0 0.0 
0.0 0.0 0.0 
0.0 0.0 0.0 
0.0 0.0 0.0 
0.0 0.0 0.0 
-18.2819611304 -18.2784856558 -18.27557156 
-18.2228934914 -18.2426851152 -18.2375528877 
-18.1348186254 -18.1727766295 -18.1929719487 
-18.0069196528 -18.0521480572 -18.0501589932 
-17.9016304617 -17.8123830222 -17.8590947097 
-17.8604068507 -17.8716682222 -17.7414765142 
-17.3758488376 -17.7257740576 -17.3650816864 
-16.7420343798 -16.7220759723 -16.8845602287 
-6.74325272383 -4.10971719929 -4.74655344534 
0.0 -0.3 0.0 
0.0 0.0 0.0 
0.0 0.0 0.0 
0.0 0.0 0.0 
0.0 0.0 0.0 
-18.072712342 -18.0535657666 -17.9340614198 
0.0 0.0 0.0 
0.0 0.0 0.0 
0.0 0.0 0.0 
0.0 0.0 0.0 
0.0 0.0 0.0 
0.0 0.0 0.0 
0.0 0.0 0.0 
0.0 0.0 0.0 
0.0 0.0 0.0 
0.0 0.0 0.0 
0.0 0.0 0.0 
0.0 0.0 0.0 
0.0 0.0 0.0 
-18.2881021565 -18.2901241746 -18.3050988476 
-18.2466964528 -18.2793960475 -18.2517117943 
-18.1803856346 -18.174496388 -18.1777251675 
-18.125873475 -18.1613882218 -18.1327170565 
-18.0528532123 -18.0434354652 -18.0588248915 
-18.1248639955 -18.0956719328 -18.1168513988 
-17.6161491011 -17.7460253947 -17.8387723618 
-16.3744211285 -16.5967184498 -16.5278222793 
-9.05900744659 -5.15751668091 0.0 
0.0 0.0 0.0 
0.0 0.0 0.0 
0.0 0.0 0.0 
0.0 0.0 0.0 
0.0 0.0 0.0 
-18.2948046412 -18.2896640237 -18.1741221608 
0.0 0.0 0.0 
0.0 0.0 0.0 
0.0 0.0 0.0 
0.0 0.0 0.0 
0.0 0.0 0.0 
0.0 0.0 0.0 
0.0 0.0 0.0 
0.0 0.0 0.0 
0.0 0.0 0.0 
0.0 0.0 0.0 
0.0 0.0 0.0 
0.0 0.0 0.0 
0.0 0.0 0.0 
-18.2890683458 -18.2840078194 -18.2729905988 
-18.1847611026 -18.2014598675 -18.2123903968 
-18.1808805671 -18.1865435418 -18.1696578865 
-18.1263304631 -18.1002518582 -18.1458965917 
-18.0491941511 -17.9596043704 -18.0206310296 
-17.8614786539 -17.8096803691 -17.7791785662 
-17.3202445985 -17.2738844132 -17.5399339462 
-11.0737132527 -8.80838469397 -9.15556528903 
-5.30530150215 -5.13942203776 0.0 
0.0 0.0 0.0 
0.0 0.0 0.0 
0.0 0.0 0.0 
0.0 0.0 0.0 
0.0 0.0 0.0 
