0.0 0.0 0.0 
0.0 0.0 0.0 
0.0 -4.64948434548 0.0 
-15.8645253882 -16.3946878208 -15.9077435104 
-17.87798319 -17.8784070095 -17.8228414138 
-17.9241555655 -17.7105277389 -17.9412975599 
-18.0319521673 -17.682662436 -17.9825703858 
-17.7880980862 -18.0131398886 -18.0098419596 
-18.0142230402 -18.0411928438 -17.9792828724 
-17.9686251722 -18.0502880324 -17.912283986 
-17.7691133033 -18.1333438555 -18.1599765448 
-18.0408066326 -18.1479164365 -18.1482532196 
-18.0525206265 -18.0623401243 -17.9460041573 
-17.9784011991 -17.9584643549 -17.7466281605 
-17.7764742259 -17.7171794538 -17.515598497 
-17.5513898936 -17.4232853637 -17.2719389659 
-17.2679162939 -17.3278465287 -17.0296373517 
-17.2518367503 -16.9065120214 -17.1193272377 
0.0 0.0 0.0 
0.0 0.0 0.0 
0.0 0.0 0.0 
0.0 0.0 0.0 
0.0 0.0 0.0 
0.0 0.0 0.0 
0.0 0.0 0.0 
0.0 0.0 0.0 
0.0 0.0 0.0 
0.0 0.0 0.0 
0.0 0.0 0.0 
0.0 0.0 0.0 
-7.98390906129 0.0 0.0 
-17.0325116558 -17.4103235381 -17.2040976518 
-17.9783195751 -17.9213095438 -17.9661472507 
-18.0612516007 -18.0638574877 -17.9552005404 
-17.9686889132 -17.9426728536 -18.1473226202 
-18.1695398229 -18.1668461315 -18.1113051955 
-18.1281200585 -18.153873501 -18.1700080195 
-18.1025854767 -18.254994426 -18.2508658233 
-18.2596816136 -18.1726128832 -18.2390696573 
-18.1324724726 -18.1618575998 -18.1456335782 
-18.0377357751 -18.0400037488 -18.0023830133 
-17.9138910303 -17.8927338264 -17.8397031621 
-17.7394646598 -17.712832156 -17.6843946983 
-17.5603454355 -17.5522854187 -17.481202931 
-17.4170858088 -17.264700815 -17.4273748269 
-17.2432887084 -17.206830135 -16.7404767248 
-16.9745181293 -17.1456395752 -16.57624032 
0.0 0.0 0.0 
0.0 0.0 0.0 
0.0 0.0 0.0 
0.0 0.0 0.0 
0.0 0.0 0.0 
0.0 0.0 0.0 
0.0 0.0 0.0 
0.0 0.0 0.0 
0.0 0.0 0.0 
0.0 0.0 0.0 
0.0 0.0 0.0 
-4.10161916805 -8.59803978254 -7.83341143224 
-17.5425756679 -17.2600697628 -17.6055453092 
-18.0491152672 -18.0374466975 -18.0553536239 
-18.0673810404 -18.1361993224 -18.1452294342 
-18.2585206999 -18.23205526 -18.2328818189 
-18.311670103 -18.2362463377 -18.2842817102 
-18.265733995 -18.357100465 -18.3503018652 
-18.350334605 -18.3502446548 -18.3065471184 
-18.2878893239 -18.2170543254 -18.2543287257 
-18.1928796557 -18.1877208423 -18.1054917981 
-18.0532369186 -18.0865196503 -17.9726954413 
-17.9436455529 -17.906680206 -17.8300275868 
-17.8157972583 -17.7422165143 -17.7643950445 
-17.687072369 -17.6231789407 -17.6335648077 
-17.4051260808 -17.3914587086 -17.2974484361 
-17.2321474969 -17.0719871273 -17.1256356159 
-16.6960319798 -16.7412628572 -16.5096379949 
-16.6050156509 -16.4007610884 -15.0677755376 
-16.0415739427 -16.03771967 -16.0144033243 
0.0 0.0 0.0 
0.0 0.0 0.0 
0.0 0.0 0.0 
0.0 0.0 0.0 
0.0 0.0 0.0 
0.0 0.0 0.0 
0.0 0.0 0.0 
0.0 0.0 0.0 
-0.3 0.0 0.0 
-13.6595153595 -14.9785344834 -14.8446945141 
-17.6208062754 -17.7382879654 -17.7655562443 
-18.172810733 -18.1535055882 -18.1506282203 
-18.215518983 -18.254801023 -18.2584223766 
-18.3540761396 -18.3705502405 -18.3524347572 
-18.4000215496 -18.4176723916 -18.4055540425 
-18.4417133014 -18.4416047016 -18.4432360957 
-18.4168762051 -18.4181380825 -18.3921486472 
-18.3712692104 -18.3596985797 -18.3421823807 
-18.3136447151 -18.2803065673 -18.2011599296 
-18.2137937271 -18.1851971557 -18.0315328007 
-18.0821819646 -18.0706586636 -17.9442531938 
-17.8585848503 -17.9326216026 -17.8046917884 
-17.6851381944 -17.7110072212 -17.7111551635 
-17.5721879007 -17.5855534003 -17.5574759008 
-17.2947581004 -17.3537184399 -17.3996570767 
-17.0528198534 -16.9694346477 -16.8379674626 
-16.3810936716 -16.6353189856 -16.509602934 
-16.2592515491 -16.1578589886 -12.9175955807 
-7.97653269489 -4.55225188016 -4.8177494338 
0.0 0.0 0.0 
0.0 0.0 0.0 
0.0 0.0 0.0 
0.0 0.0 0.0 
0.0 0.0 0.0 
0.0 0.0 0.0 
0.0 0.0 0.0 
-0.3 0.0 -3.25720168887 
-14.7521091422 -16.1099914527 -16.0928066806 
-17.9572520271 -17.9776089942 -17.9644315301 
-18.2160166485 -18.2094845974 -18.2017006668 
-18.3310861047 -18.3818943029 -18.3851159142 
-18.4232532811 -18.4399525442 -18.4586285356 
-18.5156492686 -18.5548122456 -18.5440608415 
-18.5762452569 -18.5729069452 -18.5710803315 
-18.5699452533 -18.5461526091 -18.4920150123 
-18.4742229455 -18.3462090936 -18.4963932951 
-18.370348418 -18.4967299506 -18.4976538535 
-18.4328119906 -18.448338826 -18.2904231849 
-18.3360349549 -18.3460354142 -18.2603734122 
-18.2848077645 -18.2548821764 -18.0439133831 
-18.0645500442 -18.2215194833 -17.764862043 
-17.7422149498 -17.7763239569 -17.5298378122 
-17.5363182162 -17.4367729682 -17.4494866278 
-17.2730665643 -17.2562160803 -17.2677084417 
-16.7433077419 -16.9042107088 -16.6107069916 
-16.3125687474 -16.300138569 -16.039251039 
-15.9786428736 -16.1515564891 -15.8121538363 
0.0 0.0 0.0 
0.0 0.0 0.0 
0.0 0.0 0.0 
0.0 0.0 0.0 
0.0 0.0 0.0 
0.0 0.0 0.0 
0.0 0.0 0.0 
-6.13008522143 -4.2243328901 -3.2669621536 
-15.9356753233 -16.8084231245 -17.0352717191 
-18.0675413637 -18.0609371864 -18.0960312397 
-18.3263345643 -18.3616410856 -18.3524082204 
-18.5191598015 -18.5121975036 -18.518865217 
-18.5666190721 -18.6061048719 -18.5926725046 
-18.665770096 -18.6567985417 -18.6599291857 
-18.6814707582 -18.6918870767 -18.6136875508 
-18.6567963682 -18.5834543347 -18.6235285999 
-18.7325463539 -18.6246307288 -18.7306247955 
-18.7570428788 -18.6004888 -18.8165127302 
-18.7838926869 -18.8324164241 -18.5791896284 
-18.8255153208 -18.8266348026 -18.7177207457 
-18.2994147191 -18.7622719146 -18.7095039852 
-18.6155990442 -17.9811076567 -18.580952908 
-18.2097304241 -18.338739611 -17.6568689799 
-17.7634130809 -17.9404228136 -17.3718705324 
-17.4325945712 -17.2786329891 -17.165292545 
-17.099775747 -17.0919299985 -17.0919743899 
-16.5717205708 -16.5273595487 -16.3704721631 
-16.0240478484 -15.8995890945 -15.719709229 
-15.9221443785 -15.9116174394 -15.500594509 
0.0 0.0 0.0 
0.0 0.0 0.0 
0.0 0.0 0.0 
0.0 0.0 0.0 
0.0 0.0 0.0 
0.0 0.0 0.0 
-12.550899725 -8.52933729055 -13.3032742448 
-17.5984368468 -17.3996380248 -17.6720213816 
-18.1373758691 -18.1990881972 -18.1962912291 
-18.455138303 -18.4410275073 -18.4511587826 
-18.5605700774 -18.5871359515 -18.5870811016 
-18.7442090224 -18.737024434 -18.7285198109 
-18.7783145551 -18.7363966937 -18.7803414223 
-18.7285831959 -18.8084470794 -18.7873843416 
-18.8532604187 -18.9522962941 -18.7540123348 
-18.7642254923 -18.9409821549 -19.0653855456 
-19.1229732059 -19.1279362253 -19.1154615531 
-19.1753012377 -19.1685968198 -19.166892869 
-19.1447403997 -19.1504582349 -19.1514148418 
-19.1892750235 -19.1363913839 -19.1470646874 
-19.1419128803 -19.0780449747 -19.1351906513 
-18.8676962148 -18.754456688 -18.3741904047 
-18.3265050845 -18.3698683917 -17.5630979223 
-18.1040170657 -18.0784306345 -17.1713942607 
-17.3107814241 -17.3552870585 -16.9317643263 
-16.9436551112 -16.9268505556 -16.7902224894 
-16.2848840528 -16.0021861708 -15.8662183281 
-15.4920870673 -15.5960198944 -15.2216532116 
-15.2937705492 -15.271131597 -15.383425877 
0.0 0.0 0.0 
0.0 0.0 0.0 
0.0 0.0 0.0 
0.0 0.0 0.0 
0.0 0.0 0.0 
-12.8226367801 -14.4590975186 -15.2009520522 
-17.3457117239 -17.7871046146 -17.6269939336 
-18.3101148084 -18.3670229964 -18.3541109403 
-18.5135612068 -18.543848949 -18.5284200619 
-18.6510632227 -18.676302978 -18.7077592603 
-18.8351720308 -18.8372191792 -18.8320594061 
-18.8158222283 -18.8486056106 -18.8661248023 
-18.8368526603 -18.9508848191 -18.9432938027 
-18.9049143526 -19.1555220028 -19.1289756291 
-19.2662243664 -19.2950247416 -19.2954562462 
-19.4045033745 -19.408923556 -19.4145412655 
-19.4263791966 -19.4247470439 -19.4280487832 
-19.4079494228 -19.4150432328 -19.4148496526 
-19.4136101151 -19.4101122288 -19.4055005703 
-19.3863173837 -19.3785148708 -19.3960464712 
-19.2998017532 -19.2974076337 -19.2901610462 
-19.0643855531 -19.1139409652 -19.0698788 
-18.431727339 -18.3166548884 -17.6379010777 
-17.607397727 -17.3694373547 -18.0488699773 
-17.292335392 -16.9788228024 -16.6422040812 
-16.5431845998 -16.4907087804 -16.5038061018 
-15.8496899867 -16.0355582131 -15.4515895663 
-15.0906664917 -15.0967617067 -14.7056586713 
0.0 0.0 0.0 
0.0 0.0 0.0 
0.0 0.0 0.0 
0.0 0.0 0.0 
0.0 -3.2164742638 0.0 
-15.1878768945 -16.2423371197 -15.6784734211 
-17.6551058377 -17.8347751495 -17.8654862529 
-18.3667801457 -18.4448089095 -18.4643696045 
-18.6624878224 -18.6659165824 -18.6683160042 
-18.7291851121 -18.7238548533 -18.7459054607 
-18.888389565 -18.9068894373 -18.9136264598 
-18.8925276477 -18.9702213041 -18.9441313681 
-18.9436471068 -19.0025796947 -19.0835039778 
-19.2690655598 -19.2602121303 -19.1625598134 
-19.4684184734 -19.47820487 -19.4545567282 
-19.5507926138 -19.5360260766 -19.5650126061 
-19.5798779173 -19.5798709468 -19.578218334 
-19.5745458653 -19.5712657057 -19.5639439111 
-19.5821522061 -19.5449286138 -19.5639897905 
-19.5462213844 -19.5814681659 -19.5504513794 
-19.4412525405 -19.4440962484 -19.4359040447 
-19.3262478989 -19.3633715056 -19.3243224935 
-19.0804046045 -19.0637760605 -19.0541079056 
-18.1022239071 -17.3448782292 -17.8947939695 
-17.419035057 -17.4189553646 -16.8319893197 
-16.9606377575 -16.8115406438 -16.4270429378 
-16.0787274886 -16.1357167628 -16.0925089967 
-15.1208070335 -15.6157100162 -14.4284188489 
-14.8652632621 -14.7577137336 -13.7171273622 
0.0 0.0 0.0 
0.0 0.0 0.0 
0.0 0.0 0.0 
-2.8980268107 0.0 -1.91301578574 
-15.6217495728 -15.967270915 -16.0865279175 
-17.5810991717 -17.7592727395 -17.7286812715 
-18.4771057691 -18.4608520417 -18.4585405971 
-18.6958155675 -18.694718151 -18.6962177921 
-18.9033894267 -18.8723901005 -18.8848975053 
-18.9535101269 -18.9476761681 -18.9527364158 
-18.9734478503 -19.0559898509 -19.0405340107 
-19.041403758 -19.1300319362 -19.1793998533 
-19.4286991353 -19.4257498254 -19.4348580933 
-19.5957163578 -19.597171814 -19.5874450889 
-19.6579564443 -19.6251666734 -19.665361994 
-19.6720566124 -19.6792612722 -19.6718045545 
-19.6721546081 -19.6587365309 -19.6761895881 
-19.6384770148 -19.6390961717 -19.6225122444 
-19.6181461021 -19.5851647815 -19.6070115886 
-19.5596666896 -19.5743751356 -19.5654562636 
-19.5317335663 -19.5007425715 -19.491510514 
-19.2923664135 -19.3196134746 -19.3278737434 
-18.9042741987 -18.9735324398 -18.9412771452 
-18.2497128545 -17.6174180376 -17.1590827778 
-17.277728517 -17.2500415561 -16.4021599995 
-16.3797391085 -16.3708601096 -16.2050222023 
-15.4860993424 -15.5689448214 -15.4795029755 
-14.6680602633 -14.6464265983 -12.4728864783 
0.0 0.0 0.0 
0.0 0.0 0.0 
0.0 0.0 0.0 
-0.3 -3.97785198019 0.0 
-14.8702454646 -15.5795869374 -15.8092377255 
-17.0683089043 -17.7768132297 -17.8030292527 
-18.5218182553 -18.5442873704 -18.5250122366 
-18.7470668114 -18.7504507095 -18.7777067855 
-18.9346013856 -18.9414975079 -18.9382542339 
-19.0048601598 -19.0031162758 -19.0303790042 
-19.0549585463 -19.1100248454 -19.1130821898 
-19.1130294975 -19.2943751024 -19.2947130403 
-19.478497542 -19.505525902 -19.5148839939 
-19.6483413222 -19.6615083463 -19.6585165928 
-19.6766609058 -19.7369471967 -19.7224949162 
-19.7199240424 -19.7411550318 -19.7423490855 
-19.7604546492 -19.7297354359 -19.7615657125 
-19.7455444788 -19.7643801913 -19.7014626045 
-19.7495401365 -19.737576292 -19.6566623849 
-19.6496319858 -19.6834168754 -19.5888237146 
-19.6215022014 -19.593968198 -19.5817849424 
-19.4483083486 -19.4712930678 -19.4517412392 
-19.2133842064 -19.1634846567 -19.1933409884 
-18.5074363005 -18.6025187351 -18.6360026568 
-17.6395871053 -17.7352762239 -17.1707154189 
-16.9914930773 -16.6614709863 -15.9451182468 
-15.8598963504 -15.8036366552 -15.8592776511 
-14.5195429171 -14.5849851491 -14.1697253058 
-12.5785483281 -12.2890310863 -11.9728180672 
0.0 0.0 0.0 
0.0 0.0 0.0 
-0.3 -4.01471612383 0.0 
-15.2627002206 -15.9425065504 -15.3267284094 
-17.3853194429 -17.5691119886 -17.8656056108 
-18.5525634574 -18.5867528129 -18.6172218767 
-18.7971883028 -18.8191392873 -18.8204666667 
-18.9950124027 -18.9906498333 -19.002633508 
-19.0475096496 -19.0738173518 -19.0676685088 
-19.1152222721 -19.1577542275 -19.193257653 
-19.2002963974 -19.3374751211 -19.3389422368 
-19.5126109463 -19.530268202 -19.5251470002 
-19.6789692583 -19.690055224 -19.6875396708 
-19.6976484685 -19.7415199708 -19.7665269945 
-19.7456437264 -19.8304380287 -19.8199237859 
-19.8255531248 -19.8265117994 -19.8229647913 
-19.8221591637 -19.8235599576 -19.812701252 
-19.8147473943 -19.8033080394 -19.8124041108 
-19.7172249292 -19.7630107921 -19.6588906181 
-19.6912237775 -19.6802286928 -19.5991059329 
-19.6030865164 -19.5648073351 -19.5705964615 
-19.3760407562 -19.3481704061 -19.3677983456 
-18.9558799532 -18.9053133132 -18.9277571573 
-17.7342637744 -18.0611893744 -17.4973462558 
-17.3086733495 -16.7469705328 -15.9203271121 
-16.2092302445 -15.8516864333 -15.6942490034 
-14.9624283249 -14.7264088573 -14.53123742 
-14.0369492606 -14.0751916817 -13.4747857243 
0.0 0.0 0.0 
0.0 0.0 0.0 
-0.657 0.0 -3.99485240451 
-15.365834075 -16.0640717373 -15.8086612744 
-17.5553109347 -17.6536264649 -17.6259324731 
-18.3299911745 -18.56634978 -18.607751509 
-18.8322583669 -18.8379762883 -18.85714925 
-19.022081185 -19.0262176952 -19.030844711 
-19.1043174081 -19.1133646503 -19.1219590568 
-19.1849555087 -19.215635528 -19.2182992567 
-19.2324842724 -19.3452332841 -19.3333609383 
-19.5208114541 -19.5361955424 -19.5620679854 
-19.6910503051 -19.6975884335 -19.7068408593 
-19.7099276241 -19.7880099152 -19.794284486 
-19.7974129673 -19.8218463065 -19.8322082994 
-19.9051854904 -19.9060703395 -19.8989607123 
-19.9088115243 -19.8829639693 -19.8684245211 
-19.8624943362 -19.8708109632 -19.8584633633 
-19.815424312 -19.8110007219 -19.8095922481 
-19.7661588863 -19.7346711846 -19.650222453 
-19.6513941216 -19.6432667901 -19.531927033 
-19.5526460092 -19.482473499 -19.4612899573 
-19.1109098383 -18.8318360438 -19.0893137417 
-18.1800736068 -18.1602909487 -17.9044241942 
-16.8847428995 -17.5229833345 -17.4878283689 
-15.7852123191 -15.4472167755 -15.6439155145 
-14.9467303049 -14.7483125836 -14.3112339127 
-14.2057427323 -13.0653523022 -13.9675491857 
0.0 0.0 0.0 
0.0 0.0 0.0 
-0.3 -0.3 0.0 
-14.9120005449 -15.1897627193 -15.2631862231 
-17.1774897849 -17.2858073796 -17.2427735428 
-18.5502690702 -18.419429553 -18.5422467759 
-18.8658314427 -18.8704354529 -18.8919381506 
-19.0450553411 -19.0473273712 -19.0604846038 
-19.1433044104 -19.1498331345 -19.1470008648 
-19.2610743715 -19.2606757232 -19.2411870445 
-19.2612611143 -19.3534609544 -19.3416947594 
-19.5231892 -19.5494776026 -19.549429432 
-19.7156354636 -19.6948582473 -19.7248718166 
-19.7388512765 -19.7844194305 -19.7763547169 
-19.8272201171 -19.8190601236 -19.8280252707 
-19.8294390123 -19.876800916 -19.9056932293 
-19.8817903486 -19.868842861 -19.8732718166 
-19.8744280156 -19.8752964015 -19.8545826383 
-19.8467151186 -19.8475662052 -19.8465770102 
-19.7747008391 -19.7500118236 -19.7396507846 
-19.7378250644 -19.7373671177 -19.5885275323 
-19.5545462595 -19.5352692748 -19.5281732897 
-19.3051868793 -19.214692917 -19.2134698359 
-18.6072215344 -18.3021828851 -17.1845089047 
-17.568556452 -17.26882804 -15.9926862361 
-15.7925371758 -15.5522835084 -15.2189965193 
-14.960176273 -14.7627587252 -14.4255498695 
-13.5745381824 -13.5627452083 -13.0138566214 
0.0 0.0 -0.3 
0.0 0.0 0.0 
0.0 -0.3 0.0 
-14.1371206151 -14.4777892421 -14.2405696993 
-16.7979276454 -16.7476880867 -16.8805465571 
-18.1265155833 -18.5264312509 -18.5205394646 
-18.8819206828 -18.8784866766 -18.8726742574 
-19.0636029608 -19.0599523039 -19.0822710114 
-19.1701826108 -19.1785623756 -19.1738616975 
-19.2316487526 -19.2874614023 -19.2825424018 
-19.2881476257 -19.3472593865 -19.3230448739 
-19.4670701946 -19.4841141861 -19.4781306273 
-19.7009578837 -19.6965247968 -19.6960931366 
-19.7757223185 -19.7633660085 -19.7898304002 
-19.7894188248 -19.8060920307 -19.8045201075 
-19.8175035709 -19.8562188973 -19.8563828812 
-19.8354404281 -19.8730200174 -19.850852305 
-19.8681916912 -19.8534376357 -19.8611286813 
-19.8455648675 -19.8490642245 -19.8479076104 
-19.7710184104 -19.7518414095 -19.7354460082 
-19.7313368259 -19.7320777311 -19.6465534855 
-19.5659460646 -19.565237805 -19.5679110766 
-19.2556982703 -19.3133692883 -19.2618985911 
-18.6057118884 -18.6303368163 -18.5708916301 
-17.5610200888 -17.7007271633 -16.3936393086 
-15.5649433591 -15.2330503753 -14.9962378316 
-14.652539061 -14.8230772245 -14.5342411618 
-13.2318436585 -13.93352618 -13.0478255188 
-6.12408957741 0.0 0.0 
0.0 0.0 0.0 
0.0 0.0 0.0 
-12.4947156563 -12.5762896612 -12.6529366128 
-16.0406378555 -16.2716520296 -16.188953656 
-18.3790368787 -18.1068180583 -18.4273796286 
-18.7903809656 -18.8120942013 -18.785722135 
-18.9779559134 -19.0479746386 -19.0579948483 
-19.1960768091 -19.1969830254 -19.1933942975 
-19.2247662652 -19.2888711856 -19.2921479552 
-19.297270074 -19.3385014725 -19.3547514404 
-19.3476069207 -19.408421877 -19.4509991231 
-19.640663987 -19.6190111827 -19.6332486804 
-19.6257567625 -19.6986777809 -19.6941321785 
-19.8119534108 -19.8090745373 -19.8160944861 
-19.8235353648 -19.8346739591 -19.8334052932 
-19.8347501745 -19.8355135824 -19.8369149544 
-19.8375739144 -19.8373193067 -19.8369785313 
-19.8145838986 -19.8154598612 -19.7879840804 
-19.74373979 -19.7493411447 -19.7174848395 
-19.7100526786 -19.7069543573 -19.6158447542 
-19.5789119635 -19.5770182327 -19.5542073366 
-19.2949174187 -19.2692444002 -19.269481055 
-18.77302853 -18.7042436639 -18.5655164009 
-17.8891798173 -17.1442411306 -16.9570415709 
-15.344345385 -15.4123333085 -14.8977781278 
-14.5249450365 -14.7150743861 -14.3854795754 
-13.5549122098 -13.2115148268 -9.46452219641 
-8.09001142157 0.0 -0.3 
0.0 0.0 0.0 
0.0 0.0 0.0 
-9.55752210096 -9.27259105764 -9.24223575395 
-15.842118567 -15.5635510613 -15.6407339342 
-17.4030086163 -17.9540032449 -17.9310118911 
-18.379238079 -18.6912504157 -18.7239531805 
-19.0248732546 -19.0239208138 -19.0125151665 
-19.1883113115 -19.1829433619 -19.178843131 
-19.2640463278 -19.2960999875 -19.2941114174 
-19.3551500622 -19.3546101168 -19.3593841111 
-19.3757827948 -19.4059674618 -19.4190543999 
-19.4182393431 -19.5195787317 -19.5516873237 
-19.6525226689 -19.6606529391 -19.6619817267 
-19.6766521321 -19.7328613169 -19.7305093333 
-19.7643353755 -19.7650900025 -19.768558282 
-19.7708413131 -19.779112813 -19.7815167876 
-19.7465688913 -19.7866787562 -19.7861032538 
-19.7755521486 -19.751496859 -19.7683418316 
-19.7179257227 -19.7189607637 -19.697023127 
-19.6986402212 -19.6823491615 -19.646358797 
-19.5567712414 -19.5443136987 -19.5336944752 
-19.3087679358 -19.2683310954 -19.2880011983 
-18.842258492 -18.651556133 -18.3698572257 
-17.3948268287 -17.3883385707 -16.2801061827 
-14.9508462406 -15.3406267489 -14.5788403106 
-14.273599083 -14.4036599049 -14.0669217384 
-12.939852124 -13.0673840622 -12.9539642266 
-9.70375051631 -5.38369035993 -3.89738891033 
0.0 0.0 0.0 
0.0 0.0 0.0 
-1.24668753872 0.0 -4.45828105067 
-14.3529334857 -15.3337938034 -15.2908367636 
-17.2695075819 -17.2695658603 -17.3909863423 
-17.9809410736 -18.4657625267 -18.5381771292 
-18.9444913707 -19.0002097625 -18.9515255936 
-19.1434696517 -19.1592691337 -19.1473403827 
-19.2713153295 -19.2693709198 -19.2616094288 
-19.3139207734 -19.3269584331 -19.3480678508 
-19.3832624228 -19.4091832352 -19.4056010007 
-19.4283321533 -19.4932688813 -19.4920693556 
-19.490284458 -19.595464249 -19.6003522179 
-19.6722356331 -19.6626120224 -19.660103237 
-19.6793939096 -19.6725100016 -19.7036662305 
-19.7081642022 -19.720063224 -19.7215769221 
-19.7179419419 -19.7131038458 -19.7165543974 
-19.6879025343 -19.7012653848 -19.7027838687 
-19.6857910847 -19.6853900179 -19.6688860225 
-19.6274934834 -19.6568244049 -19.5960351007 
-19.5209329901 -19.5201099766 -19.5172373625 
-19.2980149271 -19.2463452568 -19.2316988137 
-18.5914922987 -18.5408344642 -18.0110187783 
-17.4845726695 -16.6346701071 -15.9166309409 
-15.6145211182 -15.2525192619 -14.1130911421 
-13.9796120687 -13.968895312 -13.703367391 
-12.9498233509 -12.7732572652 -12.4510647193 
0.0 -7.03424456412 0.0 
0.0 0.0 0.0 
0.0 0.0 0.0 
0.0 0.0 0.0 
-14.2709490082 -14.1089007602 -14.2240834552 
-15.8336238346 -15.84681614 -16.2106311487 
-17.9235568799 -18.2854627246 -18.2799077585 
-18.7486249943 -18.1780384037 -18.7839713032 
-19.0423057932 -19.0265689377 -19.0672556227 
-19.2223252093 -19.2289535201 -19.2194449528 
-19.3307607569 -19.333898224 -19.3331957903 
-19.3627956645 -19.3756099142 -19.4008021944 
-19.4385512028 -19.4426395872 -19.4544104302 
-19.4643145059 -19.5227868043 -19.493805904 
-19.538033689 -19.5708361261 -19.5625217142 
-19.58123004 -19.6090675799 -19.6226791384 
-19.6063296984 -19.6246761404 -19.6327481391 
-19.6352794386 -19.6612033068 -19.6634464229 
-19.6538892402 -19.6383323272 -19.6557362121 
-19.6423839899 -19.5996338444 -19.6520845401 
-19.5943858982 -19.6131329398 -19.570406351 
-19.518045312 -19.5202450913 -19.5346824934 
-19.0754703241 -19.0511866961 -18.8615285725 
-17.885220488 -18.413017885 -18.3752473391 
-17.1823327834 -16.6477770138 -15.7254319403 
-16.1478479407 -13.7291597218 -14.5488716983 
-13.6506251111 -13.6392992152 -13.4797107608 
-12.6648463845 -12.4080981897 -12.1353384955 
0.0 0.0 0.0 
0.0 0.0 0.0 
0.0 0.0 0.0 
0.0 0.0 0.0 
-8.38891962314 -8.02276346056 -7.54838661342 
-15.2692914984 -15.3845855124 -15.4069746524 
-17.2241354098 -17.434652642 -17.2619343324 
-18.4416796736 -17.8256641907 -18.4054690058 
-18.9243932299 -18.9029602847 -18.9054873206 
-19.1630218567 -19.0754081065 -19.1504815712 
-19.2801010104 -19.2940501091 -19.2797325567 
-19.3704770649 -19.3618723064 -19.3732954207 
-19.3881366118 -19.4071837951 -19.39732832 
-19.4257158596 -19.4851554338 -19.483503442 
-19.4986505175 -19.5135141866 -19.5180599907 
-19.5400254903 -19.5571645399 -19.5570265895 
-19.5870635207 -19.5901024089 -19.5794464113 
-19.6149207453 -19.6117434427 -19.6068998112 
-19.617556842 -19.5619637429 -19.6221216021 
-19.5769501219 -19.5741546813 -19.5493525298 
-19.5435315915 -19.5493176821 -19.5454008966 
-19.3962725094 -19.3738922664 -19.3807978124 
-18.9048375674 -18.9422167798 -18.58948145 
-18.0593917279 -18.2089003127 -17.6359735675 
-16.6482715896 -17.1779224947 -14.1344928472 
-14.2118522074 -13.8682478213 -13.5335443152 
-13.1039473926 -12.6619033253 -12.365723365 
-12.2333343528 -11.9151942509 -11.6771363757 
0.0 0.0 0.0 
0.0 0.0 0.0 
0.0 0.0 0.0 
0.0 0.0 0.0 
0.0 -0.3 0.0 
-13.3842292472 -13.7453933622 -13.79876296 
-15.6352306234 -16.031229036 -16.08424611 
-18.2405976921 -18.1608520508 -18.010618646 
-18.4209501224 -18.5588546871 -18.5360764721 
-19.0619091299 -19.053027986 -19.0562855049 
-19.1939424437 -19.1940588477 -19.2088024629 
-19.2936795707 -19.3066557637 -19.2886405235 
-19.3898320583 -19.3838847975 -19.3932333495 
-19.4314799598 -19.4253861095 -19.4364806718 
-19.4839202325 -19.4527398675 -19.4731079001 
-19.4862379856 -19.5172967996 -19.5253977968 
-19.5266251676 -19.5423075058 -19.5464560446 
-19.5265502693 -19.5657158568 -19.5649715626 
-19.5299115438 -19.5509978939 -19.5475623035 
-19.5366074947 -19.5406128506 -19.5333451752 
-19.4777316118 -19.4490657646 -19.4467494185 
-19.1969477087 -19.1559440417 -19.165846066 
-18.8302849117 -18.8056289028 -17.9694624778 
-16.9172619638 -16.9504608499 -15.8355613942 
-15.1470835122 -15.5238954231 -13.2309912281 
-13.8204824698 -13.7950543278 -13.412143615 
-12.3851746879 -12.2672318514 -11.5055406264 
-11.6393411863 -11.1123079236 -11.3677111589 
0.0 0.0 0.0 
0.0 0.0 0.0 
0.0 0.0 0.0 
0.0 0.0 0.0 
0.0 0.0 0.0 
-8.05729064987 -8.57512350002 -9.41295146618 
-15.2189912978 -15.2819251913 -15.2465942555 
-16.4530781927 -16.8217871819 -16.9521585895 
-18.0832477491 -17.7681661217 -18.1930005133 
-18.7195657376 -18.8224125164 -18.7377165713 
-19.0784645902 -19.0778559878 -19.0077445456 
-19.1569804096 -19.1437171818 -19.1651542154 
-19.3213486749 -19.3086572625 -19.3270236195 
-19.3824872006 -19.3852508058 -19.3977235006 
-19.4294640665 -19.4356436636 -19.4248835662 
-19.4482925174 -19.450126958 -19.4582017007 
-19.4757970432 -19.47396343 -19.4732588224 
-19.4839223388 -19.4875585058 -19.4820585318 
-19.479346991 -19.4800053027 -19.474567783 
-19.4449925852 -19.4357283014 -19.4467113141 
-19.2744673041 -19.2342271689 -19.2319537831 
-18.9378925967 -18.913242123 -18.5827199462 
-18.319011148 -18.2655278677 -17.6436722103 
-16.5634457524 -17.1973545672 -15.0179889357 
-14.305331857 -14.1458505389 -13.2414129396 
-13.1099156631 -12.9812628353 -12.9866810148 
-11.5225049714 -11.8048675288 -11.0921669721 
-10.6800725625 -10.8543312885 -10.0661950279 
0.0 0.0 0.0 
0.0 0.0 0.0 
0.0 0.0 0.0 
0.0 0.0 0.0 
0.0 0.0 0.0 
-3.46103952477 0.0 0.0 
-12.9027880294 -13.0160626541 -12.3253500271 
-15.7209996954 -15.6030440247 -15.5880904486 
-17.002726305 -17.2171633702 -17.099678512 
-17.5554402354 -18.1936408168 -18.1712239162 
-18.6175022013 -18.722923414 -18.7213798933 
-18.9362310252 -19.0880792496 -19.071742763 
-19.1778480848 -19.1415596132 -19.1551082074 
-19.2854017733 -19.2802013842 -19.2790411385 
-19.356314152 -19.3639031083 -19.367779469 
-19.4027104037 -19.3966056301 -19.3912187908 
-19.4119142647 -19.4107644718 -19.4130490276 
-19.4124622352 -19.4104121865 -19.4128532799 
-19.3681096635 -19.3815439975 -19.3718857688 
-19.211653252 -19.2342595012 -19.1827211508 
-19.0176562381 -18.9005911389 -19.0135383978 
-18.4586104556 -18.6643382128 -18.4212992526 
-16.9654329831 -17.1538813947 -17.6107814432 
-13.0897379956 -14.8409594187 -14.5948754808 
-13.060499708 -13.5770539435 -13.2603142341 
-11.9654350904 -12.2482214665 -11.6528048552 
-10.7741757432 -10.8075789169 -10.5556387463 
-8.9778826193 -8.76625043591 -9.13499720406 
0.0 0.0 0.0 
0.0 0.0 0.0 
0.0 0.0 0.0 
0.0 0.0 0.0 
0.0 0.0 0.0 
0.0 0.0 0.0 
-7.1890124759 -8.0797036664 -7.31169493986 
-14.5278694128 -14.5982154058 -14.7609422487 
-16.2125881557 -15.5968622352 -16.2210903055 
-17.1883568062 -17.0089663864 -17.387597973 
-17.2861457034 -17.7514270503 -18.0694037346 
-18.4492575351 -18.4488952775 -18.4326709901 
-18.9262948441 -19.0098810152 -19.0312167139 
-19.0614145892 -19.0289030111 -19.0333765082 
-19.1953674554 -19.1643761274 -19.1492926793 
-19.1715373265 -19.2191600162 -19.1984312831 
-19.1721838026 -19.176328795 -19.1793107007 
-19.1341036111 -19.1298260233 -19.1348216927 
-19.0712456423 -19.0774023735 -19.0740186378 
-19.0285595192 -19.026732611 -18.5661222709 
-18.7852530655 -18.69836851 -18.6655400163 
-17.7893424316 -17.7337849991 -16.9090705493 
-16.9955056054 -17.0518929678 -14.1623350724 
-13.5450826118 -13.4187586816 -12.7124098626 
-12.2554173629 -12.9264281864 -11.9205578548 
-11.0554951998 -11.2750677661 -10.4874941642 
-10.0797614992 -10.3589889989 -9.91900575364 
0.0 0.0 -2.8679439276 
0.0 0.0 0.0 
0.0 0.0 0.0 
0.0 0.0 0.0 
0.0 0.0 0.0 
0.0 0.0 0.0 
0.0 0.0 0.0 
0.0 0.0 0.0 
-11.9590353033 -11.0909808809 -10.9345537942 
-15.0820583509 -15.3276512643 -15.2876000327 
-16.1679187285 -15.8328790721 -16.3530999924 
-17.4839777979 -17.0982266508 -17.5179884502 
-17.4444053892 -17.8976093897 -17.6463376424 
-18.0802467096 -18.5356269469 -18.4184624262 
-18.6759130216 -18.6037682369 -18.5793921185 
-18.8734509632 -18.8640705469 -18.7513880831 
-18.9044663884 -19.0332295133 -19.0105937023 
-18.9333871935 -18.9425199959 -18.9335072091 
-18.9328746025 -18.9375362424 -18.6184726711 
-18.8241081248 -18.8753770664 -18.8479109402 
-18.5904521036 -18.3750882892 -18.1570278276 
-17.6606774897 -17.8005947488 -17.1027057368 
-17.2918460457 -14.7194172171 -16.3863872832 
-13.8887474914 -13.4167847494 -14.7779970706 
-13.2633516048 -12.7057578729 -11.6974498738 
-11.2673383267 -11.4526559652 -10.4788624226 
-10.3698076916 -10.1106935048 -9.8885111535 
-9.34914699858 -9.32697708599 -9.41209454087 
0.0 0.0 0.0 
0.0 0.0 0.0 
0.0 0.0 0.0 
0.0 0.0 0.0 
0.0 0.0 0.0 
0.0 0.0 0.0 
0.0 0.0 0.0 
0.0 0.0 0.0 
0.0 -1.99211162494 0.0 
-13.0711892439 -13.2873900382 -13.3752439088 
-15.7315624516 -15.498987199 -15.5989086495 
-16.1771026326 -16.0255633238 -16.0727961094 
-17.313675116 -16.3088022514 -17.3654071967 
-17.8070449392 -17.5817100197 -17.8452879393 
-17.7582589249 -18.1904603696 -18.105809163 
-18.3496283786 -18.304188465 -18.2489128592 
-18.4400107982 -18.2822713864 -18.3298767752 
-18.3004021987 -18.2831774538 -18.2999947197 
-18.2771758662 -18.2606698669 -18.2490575158 
-18.136402994 -18.0896343303 -17.4869436699 
-18.0141107289 -17.5561645414 -17.710785762 
-16.9587116924 -16.7979143479 -16.2595433072 
-14.7211669319 -13.6132895279 -12.4464541262 
-12.5635003655 -13.5322956711 -11.179097077 
-11.8842530488 -10.8965520151 -11.0756338973 
-10.2764400505 -9.90371606428 -10.2907888122 
-9.11546519612 -9.38450588828 -9.34068192423 
-5.75545320507 -4.73544273378 -5.4029998679 
0.0 0.0 0.0 
0.0 0.0 0.0 
0.0 0.0 0.0 
0.0 0.0 0.0 
0.0 0.0 0.0 
0.0 0.0 0.0 
0.0 0.0 0.0 
0.0 0.0 0.0 
0.0 0.0 0.0 
-7.63181209352 -7.59026990723 -7.76381591512 
-14.1783601132 -14.3541206684 -14.5516484082 
-14.7000275146 -15.3116402319 -15.1339154166 
-15.7869531848 -15.7340629458 -15.7686920931 
-16.1301725032 -16.7792396275 -16.964974653 
-17.5338192872 -17.4308305206 -17.5873013125 
-17.3786566421 -17.8563057757 -17.8992122197 
-17.6808803794 -17.8997413222 -17.9431451572 
-17.9571394805 -17.9222125886 -17.9648622541 
-17.8410852528 -17.7668311155 -17.7891614756 
-17.8119645156 -17.4005602583 -17.7842110188 
-17.1472044946 -16.7719346457 -15.7012096208 
-15.4650626697 -15.1399130596 -15.5537927069 
-14.2073351145 -14.3345046937 -11.8422200361 
-11.5932691909 -11.2834024306 -10.7210537613 
-10.3877086084 -10.0183363876 -10.2193528851 
-8.48235874797 -9.38447336778 -9.66093009345 
-8.47616848414 -8.1752392246 -8.09097127817 
0.0 0.0 0.0 
0.0 0.0 0.0 
0.0 0.0 0.0 
0.0 0.0 0.0 
0.0 0.0 0.0 
0.0 0.0 0.0 
0.0 0.0 0.0 
0.0 0.0 0.0 
0.0 0.0 0.0 
0.0 0.0 0.0 
0.0 0.0 0.0 
-8.47429550629 -9.17571665623 -8.5106643193 
-14.2247958955 -14.165881568 -14.3725855285 
-14.8124568657 -15.2986042339 -15.238179918 
-15.3695337315 -15.6601162356 -15.4656037355 
-16.1025741511 -15.7252847207 -16.5269071141 
-16.0548705833 -17.1928511428 -16.7369018053 
-16.6602970432 -16.7560973101 -16.7227817229 
-16.8035252262 -16.8353323059 -16.8194018762 
-16.7836202676 -16.7711420777 -16.4447557314 
-16.5684593028 -15.923161159 -16.3343866725 
-15.4677118974 -15.5651165779 -15.3494285121 
-13.8929819503 -14.7101479519 -11.5198512296 
-11.258578595 -10.2385312241 -12.3778539389 
-10.2000891485 -10.0715278993 -9.85031147778 
-9.15763581171 -9.09093206375 -8.12016238735 
-8.02391184132 -7.84014387713 -7.91380058294 
-7.13362874561 -7.46336133315 -6.59056123534 
0.0 0.0 0.0 
0.0 0.0 0.0 
0.0 0.0 0.0 
0.0 0.0 0.0 
0.0 0.0 0.0 
0.0 0.0 0.0 
0.0 0.0 0.0 
0.0 0.0 0.0 
0.0 0.0 0.0 
0.0 0.0 0.0 
0.0 0.0 0.0 
0.0 0.0 0.0 
-11.4015454276 -11.3326250716 -11.6674825459 
-13.958123377 -14.2633951866 -13.8800752061 
-15.0790482604 -14.7800651997 -15.1468758547 
-15.3602573913 -15.1453753559 -15.0919272989 
-15.4668156881 -15.3752123316 -15.5536320556 
-15.6182969387 -15.5142954413 -15.5389747511 
-15.4729034115 -15.5551607736 -15.5328102823 
-15.6375604593 -15.6570212946 -15.5966518612 
-15.6505763126 -15.5972056019 -15.6139559024 
-15.1487699363 -15.2659190993 -11.5637466002 
-13.2419817348 -10.7704467499 -10.2822432121 
-9.7576971836 -10.5558293797 -8.83213702625 
-8.62146068987 -8.05531789435 -7.98556788546 
-7.49368390719 -7.50856396561 -7.05123212938 
-6.44885053559 -6.55986871567 -6.75456865734 
-5.25826853139 -4.64825839083 -5.04563467102 
0.0 0.0 0.0 
0.0 0.0 0.0 
0.0 0.0 0.0 
0.0 0.0 0.0 
0.0 0.0 0.0 
0.0 0.0 0.0 
0.0 0.0 0.0 
0.0 0.0 0.0 
0.0 0.0 0.0 
0.0 0.0 0.0 
0.0 0.0 0.0 
0.0 0.0 0.0 
0.0 0.0 0.0 
-11.4327322277 -10.8757925526 -11.6135912736 
-13.9782297272 -14.2764070798 -14.0163771272 
-14.5746446099 -14.6060253657 -14.7178668915 
-14.9039527588 -14.9528524426 -15.0014124111 
-15.0531837231 -15.1662713712 -15.2259225442 
-15.4150849941 -15.5363647053 -15.5215929913 
-15.5583523602 -15.5444557993 -15.5468435762 
-15.2760311987 -15.2557049642 -15.2159637993 
-13.0517055967 -11.5267046548 -9.99468308262 
-9.52891676702 -10.4789014639 -7.79840150051 
-8.44719521296 -8.13010153588 -7.56518384722 
-7.28512046706 -6.44259529473 -7.18262271825 
-6.91779316772 -6.54656784036 -5.75942682211 
-5.64345937944 -5.37933353664 -5.51143197867 
0.0 0.0 0.0 
0.0 0.0 0.0 
0.0 0.0 0.0 
0.0 0.0 0.0 
0.0 0.0 0.0 
0.0 0.0 0.0 
0.0 0.0 0.0 
0.0 0.0 0.0 
0.0 0.0 0.0 
0.0 0.0 0.0 
0.0 0.0 0.0 
0.0 0.0 0.0 
0.0 0.0 0.0 
0.0 0.0 0.0 
-6.20779497536 -4.75698507673 -5.84860362501 
-11.9095251268 -11.5743491132 -12.2084099663 
-13.5532742447 -13.7259799396 -13.7351537348 
-13.6523702412 -13.8503895678 -13.8845160866 
-14.1113617074 -14.3426359808 -14.2107561915 
-14.3229764594 -14.4071340598 -14.4146832466 
-14.4820212326 -14.4593029042 -13.2574495644 
-13.9990794601 -11.368943459 -13.2935352278 
-10.5277126277 -10.813598466 -8.99297865719 
-8.17222237004 -7.62417572544 -7.24552356756 
-6.68339158125 -6.69675533062 -5.86774662084 
-6.03753009299 -6.20229407391 -5.18283861915 
-5.28174800151 -5.0359111878 -4.98472986027 
-4.7087079166 -4.6968602524 -4.54282199942 
0.0 0.0 0.0 
0.0 0.0 0.0 
0.0 0.0 0.0 
0.0 0.0 0.0 
0.0 0.0 0.0 
0.0 0.0 0.0 
0.0 0.0 0.0 
0.0 0.0 0.0 
0.0 0.0 0.0 
0.0 0.0 0.0 
0.0 0.0 0.0 
0.0 0.0 0.0 
0.0 0.0 0.0 
0.0 0.0 0.0 
0.0 0.0 0.0 
-5.155400017 -5.23040923044 -4.90720058927 
-9.9869759604 -10.5693963062 -10.0122710412 
-12.6344015166 -12.6786053352 -12.9992704193 
-12.7202852092 -13.1498607747 -13.1778049292 
-13.4225023364 -13.2117782339 -12.4962740457 
-13.3825761543 -12.7805714961 -13.3574616793 
-11.2609724309 -11.1532244613 -8.70242495403 
-6.46835190042 -6.43822658506 -5.27125014079 
-5.9273135308 -6.13064132787 -5.45348336944 
-5.10711687397 -5.19108403535 -4.57132928157 
-4.97764709678 -4.57039396441 -3.72378246926 
-3.96619479828 -4.04893028363 -4.02355796666 
-3.61927359538 -3.69940385764 -3.85922832018 
0.0 0.0 0.0 
0.0 0.0 0.0 
0.0 0.0 0.0 
0.0 0.0 0.0 
0.0 0.0 0.0 
0.0 0.0 0.0 
0.0 0.0 0.0 
0.0 0.0 0.0 
0.0 0.0 0.0 
0.0 0.0 0.0 
0.0 0.0 0.0 
0.0 0.0 0.0 
0.0 0.0 0.0 
0.0 0.0 0.0 
0.0 0.0 0.0 
0.0 0.0 0.0 
-4.20779808483 -5.13756859059 -4.26529468046 
-9.51986322736 -9.44022649751 -9.48749179392 
-9.81389742217 -10.5605857055 -9.7232027221 
-10.0120711894 -10.0126083534 -7.75289423822 
-9.21243649077 -8.40073728415 -7.45758545421 
-6.32767063005 -7.09374743546 -5.00229218496 
-4.96540017833 -4.45362590762 -3.4771289248 
-4.10849522998 -4.06214618568 -3.3265154062 
-3.84188701781 -3.70121623451 -3.8821103029 
-3.2901615694 -3.16250813956 -2.54452445066 
-2.82224668508 -2.8414303051 -2.33768834127 
-2.34232952057 -2.40432505137 -2.29312023527 
0.0 0.0 0.0 
0.0 0.0 0.0 
0.0 0.0 0.0 
0.0 0.0 0.0 
0.0 0.0 0.0 
0.0 0.0 0.0 
0.0 0.0 0.0 
0.0 0.0 0.0 
0.0 0.0 0.0 
0.0 0.0 0.0 
0.0 0.0 0.0 
0.0 0.0 0.0 
0.0 0.0 0.0 
0.0 0.0 0.0 
0.0 0.0 0.0 
0.0 0.0 0.0 
0.0 0.0 0.0 
-2.10086612343 -0.3 -1.1439175135 
-6.6688697195 -7.2495645996 -6.70522416505 
-7.59412277974 -7.4424514203 -5.3350585835 
-5.95361727873 -5.48650152768 -3.98893068959 
-3.54516402288 -3.51813106079 -2.18792063424 
-3.02145990973 -1.82733645833 -2.92885595765 
-1.75863321639 -2.40109457453 -2.66027349591 
-2.60077730764 -2.17036035938 -2.49163972971 
-1.32478436437 -1.59084526601 -2.33307166967 
-1.60306268617 -1.47791682421 -1.08014594497 
-1.22757102731 -1.05119257342 -1.28270858944 
0.0 0.0 0.0 
0.0 0.0 0.0 
0.0 0.0 0.0 
0.0 0.0 0.0 
0.0 0.0 0.0 
0.0 0.0 0.0 
0.0 0.0 0.0 
0.0 0.0 0.0 
0.0 0.0 0.0 
0.0 0.0 0.0 
0.0 0.0 0.0 
0.0 0.0 0.0 
0.0 0.0 0.0 
0.0 0.0 0.0 
0.0 0.0 0.0 
0.0 0.0 0.0 
0.0 0.0 0.0 
0.0 0.0 0.0 
0.0 0.0 0.0 
0.0 0.0 0.0 
0.0 0.0 0.0 
0.0 0.0 0.0 
0.0 0.0 0.0 
0.0 0.0 0.0 
0.0 0.0 0.0 
0.0 0.0 0.0 
0.0 0.0 0.0 
0.0 0.0 0.0 
0.0 0.0 0.0 
0.0 0.0 0.0 
0.0 0.0 0.0 
0.0 0.0 0.0 
0.0 0.0 0.0 
0.0 0.0 0.0 
0.0 0.0 0.0 
0.0 0.0 0.0 
0.0 0.0 0.0 
0.0 0.0 0.0 
0.0 0.0 0.0 
0.0 0.0 0.0 
0.0 0.0 0.0 
0.0 0.0 0.0 
0.0 0.0 0.0 
0.0 0.0 0.0 
0.0 0.0 0.0 
0.0 0.0 0.0 
0.0 0.0 0.0 
0.0 0.0 0.0 
0.0 0.0 0.0 
0.0 0.0 0.0 
0.0 0.0 0.0 
0.0 0.0 0.0 
0.0 0.0 0.0 
0.0 0.0 0.0 
0.0 0.0 0.0 
0.0 0.0 0.0 
0.0 0.0 0.0 
0.0 0.0 0.0 
0.0 0.0 0.0 
0.0 0.0 0.0 
0.0 0.0 0.0 
