0.0 0.0 0.0 
0.0 0.0 0.0 
0.0 0.0 0.0 
-16.1450922454 -16.3530779303 -15.944324146 
-17.7367757156 -17.7098947697 -17.728846555 
-17.8468119289 -17.6637636461 -17.8559176882 
-17.9091347062 -17.9207502748 -17.6719943694 
-17.8567283296 -17.9260933336 -17.6539900964 
-17.8993412725 -17.8631179214 -18.0077960188 
-18.0393792879 -17.9308957842 -18.016509039 
-18.0325974737 -18.0584323287 -18.0882475288 
-18.1393754142 -18.1267713058 -18.1253442319 
-18.0740145146 -18.0706949925 -18.0029396778 
-17.9964376805 -17.9875004344 -17.9435384185 
-17.8319319981 -17.8245227296 -17.5137941071 
-17.5038727896 -17.402822408 -17.3004904755 
-17.4275819739 -17.1681553149 -17.0559414908 
0.0 0.0 0.0 
0.0 0.0 0.0 
0.0 0.0 0.0 
0.0 0.0 0.0 
0.0 0.0 0.0 
0.0 0.0 0.0 
0.0 0.0 0.0 
0.0 0.0 0.0 
0.0 0.0 0.0 
0.0 0.0 0.0 
0.0 0.0 0.0 
0.0 0.0 0.0 
0.0 0.0 0.0 
0.0 -7.17483444631 0.0 
-16.2400361428 -16.6169714425 -16.6465235628 
-17.7342030807 -17.7528740824 -17.7824890494 
-17.949184697 -17.8702095344 -17.9461783066 
-18.0586927524 -17.9435724268 -18.0968373306 
-18.1789769911 -17.9122422515 -18.1688247806 
-18.0943620969 -18.1860206811 -18.237813642 
-18.2674670176 -18.1890233415 -18.2141481373 
-18.2774289486 -18.2457400434 -18.165766424 
-18.2099657171 -18.223332564 -18.1315122944 
-18.0701621134 -18.0978257613 -17.9813792804 
-17.9493689948 -17.9338120188 -17.8412294326 
-17.8087666077 -17.7858883653 -17.7588827626 
-17.6330582843 -17.5564399286 -17.5516928751 
-17.4537635474 -17.4293664031 -17.1089333587 
-17.2326918248 -16.9321872642 -17.1345889951 
-16.9401368817 -16.9984943377 -16.7113369131 
0.0 0.0 0.0 
0.0 0.0 0.0 
0.0 0.0 0.0 
0.0 0.0 0.0 
0.0 0.0 0.0 
0.0 0.0 0.0 
0.0 0.0 0.0 
0.0 0.0 0.0 
0.0 0.0 0.0 
0.0 0.0 0.0 
0.0 0.0 0.0 
-6.8110512753 -4.2460171455 -8.74615774551 
-17.1212936268 -17.2041165398 -17.3112523531 
-17.994236794 -17.9518682456 -17.9181126096 
-18.0737648761 -18.1188985805 -18.1418442205 
-18.0595450654 -18.2302096778 -18.2508018277 
-18.293874014 -18.2165896367 -18.3088359775 
-18.3452117886 -18.3574041539 -18.306039742 
-18.4135429674 -18.4086539873 -18.344035586 
-18.3339911272 -18.3522291428 -18.2525038628 
-18.2479299304 -18.2139667258 -18.1554753176 
-18.120400667 -18.1273492706 -18.0681638898 
-18.0296349276 -17.9748098692 -17.956650659 
-17.8989697396 -17.8935234552 -17.8366407089 
-17.696193507 -17.7719250812 -17.5570758098 
-17.5045921979 -17.4758095083 -17.3777199241 
-17.2866641568 -17.2284599809 -17.0826576594 
-16.8333712005 -16.7316623836 -16.6141533325 
-16.8197222019 -16.7191351005 -16.5071034655 
0.0 0.0 0.0 
0.0 0.0 0.0 
0.0 0.0 0.0 
0.0 0.0 0.0 
0.0 0.0 0.0 
0.0 0.0 0.0 
0.0 0.0 0.0 
0.0 0.0 0.0 
0.0 0.0 0.0 
0.0 0.0 0.0 
-13.2482907698 -11.8717526339 -12.2954402139 
-17.3270395973 -17.1931532613 -17.3214805323 
-18.0746773103 -18.0745586551 -18.0484156328 
-18.2931556414 -18.2166580636 -18.2736640382 
-18.3615121618 -18.4099419662 -18.4181779442 
-18.3540911027 -18.4123178122 -18.4058184744 
-18.4629235557 -18.5154890844 -18.5115548673 
-18.4801498738 -18.4670507699 -18.4018994215 
-18.4057246616 -18.4033123223 -18.3538096646 
-18.3510983588 -18.3429548825 -18.2734531421 
-18.2646572728 -18.2384438454 -18.1721541835 
-18.1174349325 -18.108976197 -18.052642976 
-18.0434671584 -17.9588479761 -18.0404397035 
-17.8718372636 -17.8111793855 -17.7535691005 
-17.7030868588 -17.6411580074 -17.6769834991 
-17.4871346166 -17.4629069233 -17.1037452396 
-17.1299760663 -16.9985707672 -16.8732447175 
-16.7811296509 -16.7472368671 -16.4215762606 
-16.5688403538 -16.4410369798 -16.2654654853 
0.0 0.0 0.0 
0.0 0.0 0.0 
0.0 0.0 0.0 
0.0 0.0 0.0 
0.0 0.0 0.0 
0.0 0.0 0.0 
0.0 0.0 0.0 
0.0 0.0 0.0 
-0.3 -4.58572473312 0.0 
-14.8570442031 -13.3626889165 -15.3718290495 
-17.7701691317 -17.8861453216 -17.8772013256 
-18.3166966029 -18.3353463283 -18.316334588 
-18.4022114138 -18.3351665614 -18.4032421668 
-18.4538038339 -18.4963616917 -18.5340352897 
-18.5032807231 -18.5848066976 -18.5694987351 
-18.5957407239 -18.556130957 -18.5959792293 
-18.5561399421 -18.5372267942 -18.5393044013 
-18.5064654906 -18.479192875 -18.4581963471 
-18.4215964763 -18.4384002103 -18.3900240557 
-18.3492156708 -18.2963923753 -18.3693903045 
-18.2089471191 -18.3010847256 -18.136049024 
-18.1503173999 -18.0735600548 -18.1967106228 
-18.0035539555 -18.0782475963 -18.0200679268 
-17.8190367767 -17.8125521677 -17.7699186353 
-17.4818551102 -17.5681603469 -17.5144945409 
-17.3254879595 -17.3426839499 -17.3583241827 
-16.9148034084 -16.8338548771 -16.8031224676 
-16.3145141738 -16.0421544781 -16.1427777382 
-16.3829877961 -15.8826865681 -16.0588803044 
0.0 0.0 0.0 
0.0 0.0 0.0 
0.0 0.0 0.0 
0.0 0.0 0.0 
0.0 0.0 0.0 
0.0 0.0 0.0 
0.0 0.0 0.0 
-2.50281551559 -5.88898906006 -8.22668745076 
-14.9355287701 -15.5947063706 -15.7577421909 
-18.1177036804 -18.0614921058 -17.9130494033 
-18.3557910228 -18.3582840803 -18.3939414328 
-18.4915583633 -18.5458161472 -18.54096895 
-18.5757533509 -18.6657436535 -18.6582712482 
-18.6966059944 -18.684438748 -18.6835822729 
-18.6563621272 -18.6704757719 -18.6721295854 
-18.6491122464 -18.6305564442 -18.6228462837 
-18.6043475768 -18.6279260324 -18.6090993023 
-18.6165742388 -18.5691469483 -18.5753594106 
-18.5415248452 -18.5481678918 -18.5374723415 
-18.5242280685 -18.5203485043 -18.5057100329 
-18.5409891053 -18.6849096086 -18.4123362811 
-18.3264569991 -18.5252321297 -18.4725735143 
-18.2137709166 -18.1619188766 -18.1300159876 
-17.9412454163 -17.6966284745 -17.7566092166 
-17.482108161 -17.4143836945 -17.3782332353 
-17.1089928397 -17.2203676091 -17.0627780044 
-16.6514286284 -16.5724162385 -16.710285004 
-16.2491738726 -16.2681790371 -15.6931773843 
-16.0727082097 -16.082133191 -15.2643423529 
0.0 0.0 0.0 
0.0 0.0 0.0 
0.0 0.0 0.0 
0.0 0.0 0.0 
0.0 0.0 0.0 
0.0 0.0 0.0 
-9.84172214282 -11.0634415761 -10.5344842482 
-17.4677476257 -17.4510989932 -17.5222857404 
-18.2609873268 -18.2407502743 -18.3165038608 
-18.4395040698 -18.4904016865 -18.4742944117 
-18.6216889015 -18.6548489871 -18.66542823 
-18.7246887767 -18.7233068848 -18.725454057 
-18.7875753227 -18.7463618771 -18.7729983747 
-18.7724910769 -18.76050958 -18.7885076589 
-18.8123679927 -18.795520054 -18.7620891497 
-18.8477047037 -18.7923128227 -18.7969136318 
-18.8725177807 -18.9986391841 -19.0659189999 
-19.239695663 -19.2398065454 -19.082655085 
-19.2248949972 -19.2232523875 -18.9495634165 
-19.1889707365 -19.2095324503 -18.9347656483 
-18.8144736528 -19.1599280739 -18.7388152172 
-18.5268590766 -18.4218960682 -18.2519472928 
-18.3575736282 -18.2168497087 -18.3482549075 
-17.7022102251 -17.6711097018 -17.6098381869 
-17.3303578375 -17.3109402021 -17.1333376586 
-16.9649288179 -16.9328575809 -16.8986211138 
-16.4206218098 -16.1030869994 -16.4273949975 
-16.0439441184 -16.063280418 -16.0147927235 
0.0 0.0 -8.08480997869 
0.0 0.0 0.0 
0.0 0.0 0.0 
0.0 0.0 0.0 
0.0 0.0 0.0 
0.0 0.0 0.0 
-10.6301747856 -13.2751576497 -11.996994887 
-17.1454913124 -17.2891119248 -17.3164765469 
-18.2712735938 -18.3245564633 -18.3386806527 
-18.6444739907 -18.589391377 -18.6325909414 
-18.7449757687 -18.7703618456 -18.7918416628 
-18.8383628007 -18.836185403 -18.7868497086 
-18.8506747522 -18.8733110904 -18.8663296818 
-18.9121372258 -18.8857086314 -18.8905221934 
-18.9235994805 -19.0199293242 -18.9505658889 
-19.2633053408 -19.2659497185 -19.1948105562 
-19.3442355255 -19.2205978243 -19.337075114 
-19.3496892223 -19.3026540831 -19.3521293522 
-19.377474348 -19.3522965627 -19.3785113043 
-19.3136137839 -19.2733782369 -19.3266530209 
-19.2922252306 -19.0365877661 -19.222784528 
-19.0666306843 -19.1605150929 -18.6980985424 
-18.8682663652 -18.7270881629 -18.4033087149 
-18.1574504772 -18.2946272504 -17.9890130962 
-17.7324129339 -17.4538310475 -17.6989130126 
-17.1578890582 -17.0651273376 -17.1344154115 
-16.8004841747 -16.7806306681 -16.532048572 
-15.9934281494 -15.9115780777 -15.8627953329 
-15.7522383996 -15.7351653081 -15.3971560178 
0.0 0.0 0.0 
0.0 0.0 0.0 
0.0 0.0 0.0 
0.0 0.0 0.0 
0.0 0.0 0.0 
-11.4251116145 -11.6837331551 -13.0613984298 
-17.2299508671 -17.45551235 -17.4144290144 
-18.4479971066 -18.3659336253 -18.4654059978 
-18.6897314057 -18.7336624326 -18.7477270272 
-18.8314267067 -18.8475460233 -18.8528059027 
-18.9106235217 -18.9160124255 -18.8975709403 
-18.9319996573 -18.9591028294 -18.9562943109 
-18.9664507466 -19.0258152266 -18.975222174 
-19.1475437515 -19.1320726229 -19.1816350291 
-19.2850290055 -19.4385582586 -19.4659417991 
-19.5457542871 -19.5414270725 -19.507602342 
-19.6001058732 -19.598707997 -19.6036794159 
-19.6038659772 -19.602665142 -19.604426426 
-19.6075743208 -19.6122409423 -19.6010478921 
-19.5685688891 -19.5785608164 -19.5910365472 
-19.2429010816 -19.3505035675 -19.3446575008 
-19.1477459989 -19.2236380906 -18.6693488654 
-18.8953543216 -18.9032209732 -18.3293369721 
-18.089674254 -18.0854792447 -17.8716654162 
-17.5342115601 -17.4424225128 -17.4412641085 
-16.8683812468 -16.8565920696 -16.7571848567 
-16.2850902123 -15.8141920072 -16.2279819703 
-15.7187504709 -15.5528734822 -15.6569632553 
-14.4738259034 -14.6594756834 -14.687430395 
0.0 0.0 0.0 
0.0 0.0 0.0 
0.0 0.0 0.0 
0.0 0.0 0.0 
-11.3793254902 -12.9990597421 -12.5542761263 
-17.8330053503 -17.827470504 -17.8737805652 
-18.3909099058 -18.4795046004 -18.4790949979 
-18.7775333936 -18.7872635869 -18.7961295368 
-18.9136864692 -18.8994030788 -18.9166585954 
-18.9710291322 -18.9790126142 -18.9870628975 
-18.9939247646 -19.0302504602 -19.0353365008 
-19.124828141 -19.0333325973 -19.0779744617 
-19.4127567935 -19.2565062099 -19.4153209923 
-19.5222071433 -19.582627432 -19.5837777881 
-19.6638525997 -19.6601867452 -19.663241338 
-19.6585601918 -19.6592532304 -19.6673283841 
-19.6789135917 -19.6779201225 -19.6777962367 
-19.6770275981 -19.6670950408 -19.6773582263 
-19.6370392025 -19.6494943128 -19.6337959506 
-19.6225684924 -19.6107556159 -19.61798921 
-19.3408969896 -19.2445523982 -19.344719524 
-19.0706461899 -18.7115607873 -19.0920975578 
-18.8455977515 -18.7903819255 -18.4776286639 
-17.8314071905 -17.8413242313 -17.833066444 
-17.1008454738 -16.8939338187 -16.880916246 
-16.4365380301 -16.5029961155 -16.4558335751 
-15.5495247386 -15.221464032 -15.5521256296 
-15.2521830313 -15.1852735819 -15.2160419687 
0.0 0.0 0.0 
0.0 0.0 0.0 
0.0 0.0 0.0 
0.0 0.0 0.0 
-13.9849607069 -14.2790997 -13.6828938788 
-17.5613439396 -17.6690372411 -17.7576911352 
-18.4707361984 -18.5537574367 -18.5703589764 
-18.8513085679 -18.8537690494 -18.8800376067 
-18.9525541934 -18.9542057597 -18.9545394093 
-19.0611291454 -19.0601192808 -19.038635757 
-19.0746814475 -19.0876311406 -19.0910087595 
-19.0975572219 -19.2418664251 -19.2104784737 
-19.4428147169 -19.5269168233 -19.529646946 
-19.6753142738 -19.6630905912 -19.6613796603 
-19.7298825044 -19.7241644628 -19.7284293844 
-19.7594480803 -19.7580597865 -19.7251790077 
-19.758170014 -19.7501909039 -19.7075312909 
-19.7516202934 -19.7871260668 -19.6930367691 
-19.691711808 -19.6908837631 -19.6855419219 
-19.6568796856 -19.6434152909 -19.656842719 
-19.5921244697 -19.5954706186 -19.5914543926 
-19.3705956234 -19.3398787948 -19.2764614948 
-19.0420448218 -19.0398767202 -18.6682275975 
-18.3537623021 -18.2285058064 -17.8454990462 
-17.4500142402 -17.2325066073 -16.8353030142 
-16.742108612 -16.2316665623 -16.5837635579 
-15.5149624242 -15.1268352933 -15.6997648141 
-14.9479487523 -15.179791823 -14.9101499537 
0.0 0.0 0.0 
0.0 0.0 0.0 
0.0 0.0 0.0 
0.0 0.0 -1.49419090104 
-12.6395545291 -14.0703416934 -13.2529145166 
-16.0248206885 -17.4541338167 -17.5104356442 
-18.5722453329 -18.5339007768 -18.6609116555 
-18.8844258217 -18.9056947683 -18.8822953954 
-19.0032853463 -19.0199037779 -19.0268169856 
-19.1096063774 -19.0907335271 -19.1035090563 
-19.1204074042 -19.1510969991 -19.1682703623 
-19.1810217773 -19.3472982383 -19.3315181852 
-19.5350885442 -19.5664694964 -19.5417337837 
-19.7038987192 -19.7116661726 -19.7210150915 
-19.7620655508 -19.7521850486 -19.7734817622 
-19.843681347 -19.8428093893 -19.8304927995 
-19.8327052905 -19.8322314782 -19.7880632769 
-19.8357118378 -19.821982699 -19.7433191362 
-19.8021338861 -19.8369345263 -19.6995502969 
-19.7659700525 -19.7054189354 -19.6817914776 
-19.6502101073 -19.6587638517 -19.653784422 
-19.5598509463 -19.5641604781 -19.5738582279 
-19.3269134798 -19.223836617 -18.801997544 
-18.8822836414 -18.8608630178 -17.7681285491 
-17.5682064056 -17.4408707659 -17.5026574127 
-16.9380533557 -16.5980479067 -16.0837172441 
-15.733317023 -15.9671716991 -14.9827269664 
-15.1049861264 -15.1115291695 -14.6690311159 
-14.5810036034 -14.5696387268 -14.5463481303 
0.0 0.0 0.0 
0.0 0.0 0.0 
0.0 0.0 0.0 
-12.6274123394 -14.0913612435 -14.0181834364 
-17.3832664283 -17.4444425668 -17.690767393 
-18.6004602657 -18.6635848518 -18.6975698099 
-18.927310394 -18.9294824341 -18.945235326 
-19.056572017 -19.0527853753 -19.06371417 
-19.1390205408 -19.1447213879 -19.1436556785 
-19.1727692537 -19.2109920337 -19.2021166312 
-19.2339328197 -19.3412101582 -19.2784488839 
-19.412952808 -19.567651309 -19.5617832186 
-19.7055148294 -19.7063054258 -19.713874962 
-19.7704803589 -19.7684029617 -19.7718043164 
-19.7676118417 -19.830401518 -19.8490360198 
-19.9013142351 -19.8866584522 -19.8759728817 
-19.8906159868 -19.8816606091 -19.8707299844 
-19.861503131 -19.8634231231 -19.8407112062 
-19.8307778605 -19.8001217027 -19.8328202837 
-19.6878848037 -19.6839063318 -19.6911822903 
-19.6194289403 -19.6058164588 -19.6084323257 
-19.3507580404 -19.255909934 -19.3411534396 
-19.1907880154 -19.0492573559 -19.0600339971 
-17.6606358603 -17.8283034102 -17.0606033444 
-17.0001596351 -16.7176927347 -15.7886223965 
-15.8923840766 -15.4993668003 -15.6178418601 
-14.6559335247 -14.4443218478 -14.9558663701 
-14.3870937067 -14.5186460744 -14.4895810054 
0.0 0.0 0.0 
0.0 0.0 0.0 
0.0 0.0 0.0 
-12.5603940565 -13.4279718675 -14.5549086635 
-15.9060546388 -17.1859546526 -17.2559655735 
-18.1772462427 -18.6356722288 -18.6738846844 
-18.9653380009 -18.9630656293 -18.9658791107 
-19.0983255903 -19.0917284018 -19.1175674058 
-19.152044419 -19.1763184775 -19.1786074922 
-19.2447508895 -19.2307859463 -19.239879494 
-19.2991418959 -19.3380094369 -19.3429278726 
-19.5436539229 -19.5646772022 -19.5666597921 
-19.6852144148 -19.6909304179 -19.6935361166 
-19.7867278512 -19.7873997555 -19.7891036781 
-19.792201101 -19.8051770613 -19.8179393504 
-19.8097538588 -19.9010301651 -19.8690155717 
-19.8793041631 -19.8819976899 -19.8504276526 
-19.859964161 -19.859657473 -19.8561483203 
-19.8459144093 -19.8458748303 -19.8433216941 
-19.755972889 -19.7559862645 -19.7068065938 
-19.664640734 -19.6659868653 -19.6603150607 
-19.434226167 -19.4626910535 -19.460149281 
-19.117058085 -19.1484435886 -19.0792698878 
-17.6682625458 -17.9636144081 -16.8987532363 
-16.9478901363 -16.2193903421 -16.7302261661 
-16.0511995951 -15.6020031204 -15.1272850298 
-14.7295906283 -14.5261041977 -14.1686697984 
-14.3198570181 -14.0703128398 -14.3207411252 
0.0 0.0 0.0 
0.0 0.0 0.0 
0.0 0.0 0.0 
-12.2974577779 -12.2105070323 -12.8598915081 
-16.7271046604 -16.5602194838 -16.9367917221 
-18.0696841703 -18.5664851862 -18.6102488624 
-18.9700911653 -18.981912266 -18.9803377575 
-19.1094280517 -19.1020173704 -19.1072251769 
-19.1967208824 -19.1988426288 -19.2076617684 
-19.254235131 -19.2534973151 -19.2835686442 
-19.3545164851 -19.3545244953 -19.4184564231 
-19.3989402044 -19.5138005206 -19.4782753029 
-19.6587245717 -19.6650837043 -19.6575311461 
-19.7839524266 -19.7847613384 -19.7823463238 
-19.7909355898 -19.7901477429 -19.7939534362 
-19.8100169201 -19.8185417728 -19.8540155354 
-19.8234532804 -19.8364903985 -19.8502822358 
-19.8270211337 -19.8447213683 -19.8443810859 
-19.8362321689 -19.8319460543 -19.8388319388 
-19.770063613 -19.7571785892 -19.7081601501 
-19.6954279715 -19.6958532077 -19.685423276 
-19.5354707835 -19.5137181169 -19.5144903873 
-19.2171846728 -19.0691856516 -18.6568980686 
-18.2152725259 -18.1513408598 -17.3813337612 
-17.2922413565 -17.1382957817 -16.3127771395 
-15.4477857172 -15.7265166697 -15.4253260245 
-14.5888631484 -14.45418227 -13.908038171 
-14.067703494 -13.8719079907 -14.0077239442 
0.0 0.0 0.0 
0.0 0.0 0.0 
0.0 0.0 0.0 
-10.6787921518 -10.8234597546 -10.8028186746 
-16.3290986475 -16.3080962506 -16.3192776759 
-18.2966889987 -18.1785760749 -18.3069094396 
-18.2945630914 -18.9573804451 -18.9713883581 
-19.0684193059 -19.0795641119 -19.0886605692 
-19.2054640535 -19.1961470907 -19.2119296985 
-19.2802419611 -19.2830719234 -19.2860349538 
-19.3485498092 -19.3625185704 -19.3655959271 
-19.4203853953 -19.4571614934 -19.4569176051 
-19.6074679447 -19.6144600465 -19.6073581277 
-19.7333761911 -19.7476654093 -19.7339583437 
-19.7936614193 -19.7885618181 -19.7927079994 
-19.7982402532 -19.8126184997 -19.8089863612 
-19.8084028447 -19.8193889633 -19.8240362993 
-19.8118803406 -19.8144931578 -19.8041767777 
-19.8181635683 -19.817349258 -19.8184370978 
-19.7759346075 -19.7599853987 -19.6974968927 
-19.6872906338 -19.6838317345 -19.6814609001 
-19.51390046 -19.5094266462 -19.4947475714 
-19.077483746 -19.1807805621 -19.0654566723 
-18.4304792457 -18.2726548281 -17.7683177257 
-16.8595448778 -17.3934071845 -16.4136214268 
-15.8113371819 -15.8184648341 -15.3619529081 
-14.3325699422 -14.1219356089 -13.7120519725 
-13.9655628214 -13.7036822561 -13.605785836 
-4.13568083967 0.0 0.0 
0.0 0.0 0.0 
0.0 0.0 0.0 
-4.85684027263 -4.9592215708 -5.13377425301 
-15.8493389636 -15.7452893468 -15.7887016887 
-17.9728671473 -17.9843016823 -17.9377211133 
-18.5188687519 -18.8198493202 -18.7757569476 
-18.84202394 -19.0629739766 -19.0195209729 
-19.2123322747 -19.1980850199 -19.1968871093 
-19.2884939978 -19.2935467161 -19.2893770587 
-19.3629061956 -19.3679323783 -19.3634728401 
-19.4379950783 -19.4593401834 -19.4548452385 
-19.4926069692 -19.4594924345 -19.5281920044 
-19.6646024589 -19.6651822627 -19.6672517825 
-19.7493409305 -19.7633731608 -19.7502166105 
-19.7503521591 -19.7514176726 -19.756666748 
-19.7673524829 -19.7763276077 -19.7742346363 
-19.7805938488 -19.782042717 -19.7834771516 
-19.7705365843 -19.7754515358 -19.7744835629 
-19.7236369502 -19.7287879091 -19.7032261129 
-19.6856196122 -19.681088412 -19.6729583848 
-19.4742987608 -19.4955339224 -19.4724931276 
-19.084707137 -19.073355861 -19.0557523542 
-18.2780738634 -18.247950892 -17.7075762384 
-17.3372018832 -17.1360891562 -16.585442007 
-15.6458274887 -15.9324695052 -15.1087978247 
-14.0831079437 -13.9138106727 -13.4393270703 
-13.5967760298 -13.3830330171 -13.2045238413 
-3.95511331591 0.0 0.0 
0.0 0.0 0.0 
0.0 0.0 0.0 
-0.3 0.0 0.0 
-14.8816295558 -14.9886736319 -14.98724667 
-16.9882184833 -17.0767119481 -17.141966648 
-18.5709454602 -18.1654122399 -18.5478357902 
-18.9745838993 -18.6739161241 -18.9503379961 
-19.1042742983 -19.1720738666 -19.1838764284 
-19.2843592024 -19.2520001495 -19.282868334 
-19.3373240815 -19.3378728327 -19.3426371831 
-19.4179271102 -19.4241574955 -19.4151523747 
-19.5023591306 -19.5158224602 -19.5218784181 
-19.5384605781 -19.5341947821 -19.5526585758 
-19.668155962 -19.6607227312 -19.660731615 
-19.708468555 -19.7118606213 -19.7110989851 
-19.7151449435 -19.7206951345 -19.7199507645 
-19.7158174483 -19.7141897503 -19.7127428136 
-19.6972905626 -19.6956388726 -19.6804423876 
-19.6974526684 -19.6885885326 -19.6968631801 
-19.6350181118 -19.6377923416 -19.615415609 
-19.4953695089 -19.5033527775 -19.4634276821 
-19.1891416145 -19.1262782011 -19.0903062931 
-18.3977104794 -17.8691147793 -17.3404556938 
-16.5780742853 -16.7106398023 -16.339284212 
-15.2941723099 -15.1973856031 -14.8370195891 
-13.6342921434 -13.3806900526 -13.0284811347 
-13.2452583188 -12.9683990664 -13.0975558165 
0.0 0.0 0.0 
0.0 0.0 0.0 
0.0 0.0 0.0 
0.0 0.0 0.0 
-11.3950595298 -11.9937925446 -11.2150830159 
-15.8386147852 -16.2481771747 -16.4665729358 
-18.009949662 -18.1761702357 -18.1188871141 
-18.7537329803 -18.9184919838 -18.9329855615 
-19.0898844741 -19.0873639348 -19.096721152 
-19.2380175836 -19.2717862548 -19.2686630983 
-19.3139122645 -19.3463292447 -19.3453217433 
-19.3817188952 -19.3881344377 -19.381925437 
-19.4512398939 -19.4676638797 -19.455834887 
-19.5311519023 -19.5343124342 -19.5331120111 
-19.5567217076 -19.5613645857 -19.5732828813 
-19.582741032 -19.6017239874 -19.6029254031 
-19.6090471636 -19.6284502719 -19.6306661524 
-19.6498100148 -19.6503554853 -19.6418310913 
-19.6606866988 -19.6670779679 -19.6673987765 
-19.6501678073 -19.6492273983 -19.6425141793 
-19.5655774113 -19.5627559492 -19.5525663234 
-19.3688454785 -19.3827846173 -19.3859153874 
-19.1013818913 -18.9635615951 -19.0633553718 
-18.2244801051 -17.034455176 -17.7648255058 
-16.6403746179 -16.5047646569 -16.0832655218 
-14.890708392 -14.6092530638 -14.609936466 
-13.4534220659 -12.5937706581 -13.331006953 
-12.855378716 -12.8397382776 -12.4228033156 
0.0 0.0 0.0 
0.0 0.0 0.0 
0.0 0.0 0.0 
0.0 0.0 0.0 
-5.97527574069 -5.78541989603 -7.11222811849 
-15.3094837504 -15.4374261749 -15.0114012526 
-17.451802529 -17.1923496696 -17.3179244732 
-18.6912946695 -18.0085376349 -18.6632182181 
-18.9693375708 -18.6549231276 -18.9767117599 
-19.2008740228 -19.190385483 -19.1960040804 
-19.3229662865 -19.3148200075 -19.3121900583 
-19.3846365641 -19.3843718769 -19.3907717167 
-19.4039070998 -19.414614018 -19.4081662659 
-19.5019327496 -19.4770993401 -19.4735624721 
-19.5240790537 -19.517595995 -19.5308174556 
-19.5538483374 -19.5614321002 -19.5684306765 
-19.5875369239 -19.5944962766 -19.5980118842 
-19.6134996501 -19.6118130123 -19.6090150967 
-19.6076773153 -19.6121103057 -19.6120936173 
-19.5864566946 -19.5753157399 -19.5797756787 
-19.508052513 -19.5057735279 -19.4962802992 
-19.3199760175 -19.2443652802 -19.3199022839 
-18.9600160602 -18.8403806401 -18.8738580737 
-17.4941454892 -16.7361462521 -16.6341351148 
-15.8427580708 -15.5438537907 -14.9277864397 
-14.1212608271 -14.08125536 -13.68760889 
-12.6544664859 -12.4073546733 -12.2531182368 
-12.3837345322 -12.324344709 -11.9576838933 
0.0 0.0 0.0 
0.0 0.0 0.0 
0.0 0.0 0.0 
0.0 0.0 0.0 
0.0 0.0 0.0 
-12.5203930369 -13.0882767324 -12.7266082228 
-15.8313861526 -15.9973787719 -16.0964936025 
-17.9863076868 -17.7826837182 -17.8521825631 
-18.7960141068 -18.746621514 -18.7060671425 
-18.9782811378 -19.1295554817 -19.0136039948 
-19.2382379615 -19.2389041943 -19.2522972526 
-19.3673874251 -19.3238383974 -19.3551602682 
-19.4043108911 -19.4061913545 -19.4095774962 
-19.4400275882 -19.4532878355 -19.4412675583 
-19.4701074061 -19.4654472806 -19.4777547176 
-19.5084074889 -19.5107167017 -19.5093181027 
-19.5279782449 -19.5329181044 -19.5364924571 
-19.5522547181 -19.5561550063 -19.5567532099 
-19.5597438764 -19.5595206908 -19.556301335 
-19.5373328781 -19.5401584478 -19.5361034552 
-19.4293851479 -19.4581496428 -19.4249815593 
-19.1499329262 -18.9133414947 -19.1034704784 
-18.4900626619 -18.6251982434 -16.9186671086 
-16.5274854352 -16.077931548 -16.1668540545 
-14.8629082573 -14.9776696597 -14.5186509844 
-13.2409330589 -12.4804316595 -13.3322021166 
-12.0793195447 -12.2393254721 -11.8974203175 
-11.8496193096 -11.9059752996 -10.6642792358 
0.0 0.0 0.0 
0.0 0.0 0.0 
0.0 0.0 0.0 
0.0 0.0 0.0 
0.0 0.0 0.0 
-6.62625063947 -6.96031993057 -6.17964177441 
-14.7855753857 -14.6598158354 -13.8837545041 
-16.5150813932 -16.2883489048 -16.0578373951 
-18.1597149249 -18.1837470187 -18.3059393945 
-18.7318641763 -18.5107310124 -18.7368635593 
-19.0416382439 -19.1046975874 -19.0738111219 
-19.2374750515 -19.2306573555 -19.2506384449 
-19.3158574226 -19.3679014181 -19.3625438767 
-19.4095210327 -19.400046512 -19.3987394738 
-19.4540517923 -19.4591704401 -19.456731786 
-19.4673401839 -19.4653943509 -19.4621222479 
-19.4865322608 -19.4924403687 -19.4884660478 
-19.5022218272 -19.4959033578 -19.499733275 
-19.4827618208 -19.4792076828 -19.471674391 
-19.3889290703 -19.4159555264 -19.4213459647 
-19.1962948631 -19.1477438452 -19.138640781 
-18.9289878482 -18.8994495675 -18.5868461777 
-17.6804434196 -17.763404728 -16.3988354635 
-16.1694600012 -15.7721953213 -15.9608974663 
-14.0277434321 -13.8086721152 -13.8958024414 
-12.4192267464 -12.605943017 -11.5388196484 
-11.5985488421 -11.5039122045 -11.453849962 
-11.0789839235 -11.0606390573 -11.1598295773 
0.0 0.0 0.0 
0.0 0.0 0.0 
0.0 0.0 0.0 
0.0 0.0 0.0 
0.0 0.0 0.0 
0.0 0.0 0.0 
-12.5605557922 -12.0956853262 -12.761501445 
-14.6779780144 -15.5141826807 -15.0925572739 
-17.374426307 -17.1344467312 -17.5231884005 
-17.803868012 -18.2529989362 -18.2946701122 
-18.6385842274 -18.7573800863 -18.8097214565 
-19.0272136439 -19.0116880606 -19.073716567 
-19.1326433676 -19.1905582802 -19.1856129056 
-19.2854340177 -19.245757136 -19.2649876395 
-19.3831027821 -19.3844774664 -19.3747938014 
-19.4055313255 -19.3988405906 -19.4043143988 
-19.4066049331 -19.4083033187 -19.4056616215 
-19.4090557464 -19.4095969546 -19.4058163755 
-19.3653965661 -19.2963831544 -19.364227975 
-19.170393074 -19.1875449133 -19.1483156034 
-18.9744475427 -18.9605671836 -18.6517202691 
-18.5014623781 -18.5015557458 -16.9220061855 
-17.0536755723 -16.5827432221 -16.4393909395 
-14.9526379106 -14.8851878507 -13.9803296552 
-13.7192039757 -12.7680907509 -12.5504754218 
-11.3688437518 -11.3446016904 -11.057083851 
-11.075614784 -11.1864165151 -11.2363086171 
0.0 -3.27876036175 0.0 
0.0 0.0 0.0 
0.0 0.0 0.0 
0.0 0.0 0.0 
0.0 0.0 0.0 
0.0 0.0 0.0 
0.0 0.0 0.0 
-2.24723461879 -2.9674307666 -3.57869923767 
-13.3204157332 -12.9653132224 -13.4874934592 
-14.5059596355 -14.9765234577 -15.5677787032 
-17.5446314862 -17.3939696875 -17.5243750078 
-18.1909258093 -17.8023641871 -18.013768611 
-18.7064699083 -18.7932713366 -18.4597410801 
-18.9225232823 -18.8323282234 -18.8411501601 
-19.0595100467 -19.0388871014 -18.9745746019 
-19.147227536 -19.1456452644 -19.1477901919 
-19.1275706015 -19.1093014146 -19.1035908678 
-19.1167408513 -19.1274371642 -19.122017215 
-19.1241055405 -19.1170249089 -19.120907385 
-19.0207936975 -19.0062777911 -18.9898895089 
-18.6482269622 -18.8109329663 -18.8268864385 
-18.5291442696 -18.426359113 -18.4850684981 
-17.4532553585 -17.3614839965 -16.7939894543 
-15.3818961178 -15.6140343724 -15.7958399501 
-13.21150599 -13.409856311 -12.8695983256 
-12.0428611137 -12.4552584596 -10.8252915508 
-10.7649964625 -10.8686329331 -10.508208834 
-10.0981109534 -10.451790743 -10.5330290576 
0.0 0.0 0.0 
0.0 0.0 0.0 
0.0 0.0 0.0 
0.0 0.0 0.0 
0.0 0.0 0.0 
0.0 0.0 0.0 
0.0 0.0 0.0 
0.0 0.0 0.0 
-10.3219206528 -9.68659336684 -8.93217433198 
-14.1968427476 -14.4912399776 -14.492101894 
-15.478294605 -15.2863235975 -15.9745216423 
-17.3213754658 -17.4537711374 -17.303448776 
-17.9748235797 -17.8171129163 -17.8878514369 
-17.9251341992 -18.5413943583 -18.4760857079 
-18.7517555925 -18.7374206765 -18.8001462481 
-18.8049445948 -18.8386938212 -18.809260714 
-18.8345187234 -18.8364455262 -18.83125448 
-18.8469622821 -18.8343066079 -18.8281640005 
-18.7267465943 -18.7762967236 -18.7932682321 
-18.6354625524 -18.5854158937 -18.6375375738 
-18.4966150896 -18.4721639521 -18.4478737992 
-16.8945131852 -17.9204219259 -17.5415317265 
-16.7622291163 -16.7112117311 -16.7266723961 
-13.7058743056 -14.591131457 -14.5387490763 
-12.759065939 -12.961886726 -12.5622167872 
-11.2259566183 -10.898621174 -9.99246593554 
-10.139474913 -10.5565792236 -10.0560076093 
-7.36884372998 -6.49461135067 -7.11998942643 
0.0 0.0 0.0 
0.0 0.0 0.0 
0.0 0.0 0.0 
0.0 0.0 0.0 
0.0 0.0 0.0 
0.0 0.0 0.0 
0.0 0.0 0.0 
0.0 0.0 0.0 
0.0 0.0 0.0 
-11.5230731261 -12.8170820799 -13.0260439302 
-13.9849086042 -14.5092106704 -14.4720281842 
-15.775436184 -16.0125647867 -15.5646670904 
-17.2185484858 -17.1243436026 -17.0870769851 
-17.725399451 -17.6702169689 -17.7518809988 
-18.0390569451 -17.7441446154 -18.0436268364 
-18.0248857083 -18.2946999066 -18.2979286249 
-18.3079752381 -18.4195264585 -18.4660366082 
-18.3246690722 -18.32731307 -18.30395624 
-18.014454876 -18.3194584658 -18.3308453147 
-18.0744722193 -17.8434579102 -17.9835347346 
-17.1174413472 -17.4058219539 -17.5522727616 
-16.9971693835 -16.9715738846 -16.7646621584 
-14.9429602362 -14.4703171187 -13.2994396253 
-12.6472996009 -12.2554268039 -12.008019719 
-11.0114704434 -10.1182935888 -10.9928276413 
-10.0417537718 -9.89961214593 -9.32432977751 
-9.58935515701 -9.65273769865 -8.9883897674 
0.0 0.0 0.0 
0.0 0.0 0.0 
0.0 0.0 0.0 
0.0 0.0 0.0 
0.0 0.0 0.0 
0.0 0.0 0.0 
0.0 0.0 0.0 
0.0 0.0 0.0 
0.0 0.0 0.0 
0.0 0.0 0.0 
0.0 -5.92460276319 -2.70993496347 
-9.14384389887 -12.8250458952 -12.7475949581 
-15.0296306227 -14.734303438 -14.9217210301 
-15.478604993 -15.4982987398 -15.9245866247 
-16.8101000864 -16.6645339946 -16.6445714863 
-17.0848447475 -17.2294714378 -17.2941639469 
-17.2161637292 -17.6058901283 -17.6094292223 
-17.8409780793 -17.8471623517 -17.6695340557 
-17.7102303622 -17.687637951 -17.6868760894 
-17.5410343894 -17.5693643779 -17.3487978027 
-17.2424849827 -17.2912293553 -17.2651762582 
-16.7558128444 -16.7577502158 -16.2678793157 
-15.2234561235 -14.019708898 -15.1182326177 
-12.7746625637 -12.58917715 -12.6675257869 
-11.9181240195 -11.5840134249 -10.2704829477 
-9.3962629623 -9.2985206589 -8.72362032853 
-8.97419574231 -9.00791446876 -8.64318054616 
-7.80508166451 -7.58703229547 -7.63153394956 
0.0 0.0 0.0 
0.0 0.0 0.0 
0.0 0.0 0.0 
0.0 0.0 0.0 
0.0 0.0 0.0 
0.0 0.0 0.0 
0.0 0.0 0.0 
0.0 0.0 0.0 
0.0 0.0 0.0 
0.0 0.0 0.0 
0.0 0.0 0.0 
-6.19844620983 -6.37465505656 -6.8706069639 
-13.056574495 -13.5492187632 -13.2456321583 
-14.5225823637 -14.7609728835 -14.5496502728 
-15.5147550642 -15.3442969273 -15.1563014652 
-15.9103184124 -16.2274549021 -16.3878764039 
-16.1036901068 -16.3372718687 -16.0126194944 
-16.6605066312 -16.9250489878 -16.6664554126 
-16.5714625496 -16.5852461509 -16.5550313813 
-16.5165988584 -16.5755588937 -16.6356385061 
-16.4248594797 -16.4459077175 -16.0722950918 
-15.1266100728 -14.7187238871 -15.0847740025 
-12.8864689855 -12.6147899286 -12.3670291092 
-11.2664263718 -11.4723058424 -10.8694526451 
-9.36153360467 -10.1001239179 -8.31517862328 
-8.26981108426 -8.07822702753 -8.20610335866 
-8.09506278111 -8.30451740688 -7.65268680091 
-4.16310988742 -3.94633105893 -4.56689570515 
0.0 0.0 0.0 
0.0 0.0 0.0 
0.0 0.0 0.0 
0.0 0.0 0.0 
0.0 0.0 0.0 
0.0 0.0 0.0 
0.0 0.0 0.0 
0.0 0.0 0.0 
0.0 0.0 0.0 
0.0 0.0 0.0 
0.0 0.0 0.0 
0.0 0.0 0.0 
-11.6852599891 -10.7803312582 -11.2560960137 
-13.2687311308 -12.5213462495 -13.1368402346 
-14.2107136826 -14.3049927403 -14.3281538678 
-14.9932927846 -14.87156632 -14.9768958155 
-15.2632750945 -15.5170182047 -15.2770550149 
-15.3267553151 -15.7098138678 -15.6658463569 
-15.6319160972 -15.5862939848 -15.6425880847 
-15.7342300994 -15.68951204 -15.7199266601 
-15.2773434489 -15.2814856403 -15.3525652048 
-13.4402169323 -13.484653911 -12.3562722566 
-11.2862007568 -10.8248476882 -11.1475856015 
-10.3738258956 -10.2191224782 -9.38787013431 
-8.16877745628 -8.055066462 -7.16475995523 
-7.33692417206 -7.59926035041 -7.52343855134 
-6.86158627588 -6.88743464254 -6.40310833665 
-0.3 0.0 0.0 
0.0 0.0 0.0 
0.0 0.0 0.0 
0.0 0.0 0.0 
0.0 0.0 0.0 
0.0 0.0 0.0 
0.0 0.0 0.0 
0.0 0.0 0.0 
0.0 0.0 0.0 
0.0 0.0 0.0 
0.0 0.0 0.0 
0.0 0.0 0.0 
0.0 0.0 0.0 
0.0 -1.55638626844 0.0 
-12.47992644 -12.3939907197 -12.2530858205 
-12.6936836501 -13.0155992171 -13.4570651381 
-14.0963708044 -14.1612147173 -14.2088525384 
-14.6582670786 -14.5995224153 -14.8184480742 
-14.8031294331 -14.7483473152 -14.7590884298 
-15.0471137605 -15.0363530565 -15.005402844 
-14.9728698532 -14.9061924962 -14.881183673 
-14.0882432429 -14.1104282165 -13.800709431 
-12.1031795332 -11.5913795357 -9.97984797484 
-10.4611485227 -9.50650639843 -8.93302384249 
-7.4516736833 -6.24536884637 -7.56904898041 
-6.5463665237 -6.54688789142 -6.59477075696 
-6.10368371499 -6.39131802906 -6.45305100354 
-5.79306872502 -5.05816612469 -5.55972994401 
0.0 0.0 0.0 
0.0 0.0 0.0 
0.0 0.0 0.0 
0.0 0.0 0.0 
0.0 0.0 0.0 
0.0 0.0 0.0 
0.0 0.0 0.0 
0.0 0.0 0.0 
0.0 0.0 0.0 
0.0 0.0 0.0 
0.0 0.0 0.0 
0.0 0.0 0.0 
0.0 0.0 0.0 
0.0 0.0 0.0 
-1.85880804373 0.0 0.0 
-12.4151650901 -12.4521341025 -12.4907761836 
-12.4985546818 -13.4332455405 -13.4151474875 
-13.9288680452 -13.8381487503 -14.1152818506 
-14.2998247117 -14.4709355453 -14.3183515501 
-14.3754441034 -14.4032613169 -14.3431770586 
-13.0901972463 -12.0530028667 -12.6821692774 
-12.2481741743 -10.5015551127 -12.1642886655 
-8.50038832587 -8.93673110441 -9.31612734389 
-7.58982797735 -7.60312001479 -6.82305245602 
-5.92296858379 -5.6601849788 -5.17682405337 
-5.76886160315 -5.28490482256 -5.64200948613 
-4.57448461504 -5.22210521729 -5.65359535338 
-3.60178049392 -3.57876523305 -2.92380357894 
0.0 0.0 0.0 
0.0 0.0 0.0 
0.0 0.0 0.0 
0.0 0.0 0.0 
0.0 0.0 0.0 
0.0 0.0 0.0 
0.0 0.0 0.0 
0.0 0.0 0.0 
0.0 0.0 0.0 
0.0 0.0 0.0 
0.0 0.0 0.0 
0.0 0.0 0.0 
0.0 0.0 0.0 
0.0 0.0 0.0 
0.0 0.0 0.0 
-1.33215148158 0.0 0.0 
-12.6376759639 -12.6040293341 -12.6712652761 
-13.1094789765 -13.2057412104 -13.2035087797 
-13.4093218019 -13.7679105982 -13.8208776815 
-14.0556404601 -13.4924421959 -14.0060782019 
-11.6593765647 -11.3961056922 -9.9991887121 
-7.28099422737 -7.92599434199 -6.78773215876 
-6.56005317589 -7.26716887241 -7.11633313649 
-5.48065647229 -5.54667983481 -4.39922213972 
-3.9613652847 -4.56231628952 -4.68974667781 
-4.52176798595 -4.49882272023 -4.11870885657 
-4.12460665524 -3.40252421463 -4.24493507252 
-0.910749838524 -0.911754615484 -0.657 
0.0 0.0 0.0 
0.0 0.0 0.0 
0.0 0.0 0.0 
0.0 0.0 0.0 
0.0 0.0 0.0 
0.0 0.0 0.0 
0.0 0.0 0.0 
0.0 0.0 0.0 
0.0 0.0 0.0 
0.0 0.0 0.0 
0.0 0.0 0.0 
0.0 0.0 0.0 
0.0 0.0 0.0 
0.0 0.0 0.0 
0.0 0.0 0.0 
0.0 0.0 0.0 
0.0 -7.62369730065 -2.78219228176 
-12.4265252832 -12.0299265893 -12.2965157698 
-12.7317663651 -13.1653966268 -13.1980229876 
-12.7836200159 -12.6338337664 -12.6204606737 
-9.64962669125 -9.3189190005 -8.6744555339 
-5.62881926374 -5.50055808944 -5.38756735366 
-4.75556230121 -4.67292466787 -3.17124772961 
-3.90791063635 -3.66470348963 -2.93267572814 
-3.66312482977 -3.57672952604 -2.57966517503 
-2.9154838952 -3.12319327781 -3.02644625533 
-2.74792130407 -2.73856334709 -2.23441827004 
-0.924611189196 -0.3 0.0 
0.0 0.0 0.0 
0.0 0.0 0.0 
0.0 0.0 0.0 
0.0 0.0 0.0 
0.0 0.0 0.0 
0.0 0.0 0.0 
0.0 0.0 0.0 
0.0 0.0 0.0 
0.0 0.0 0.0 
0.0 0.0 0.0 
0.0 0.0 0.0 
0.0 0.0 0.0 
0.0 0.0 0.0 
0.0 0.0 0.0 
0.0 0.0 0.0 
0.0 0.0 0.0 
0.0 0.0 0.0 
-4.94634981885 -5.23737996362 -3.78560688605 
-8.50751931581 -10.4629379958 -9.15572299098 
-8.61187547075 -9.6050742311 -9.52445689814 
-4.57371642033 -4.63534164033 -4.82426129548 
-2.81641370105 -3.18663147954 -2.73312472204 
-1.96022269455 -2.53965798841 -1.26800558868 
-2.1553437688 -1.4328900549 -2.15436320677 
-2.01247034265 -1.74376011383 -1.43414736708 
-1.88092910841 -1.59231821866 -1.04010134882 
-1.48852744039 -1.16277390156 -1.33321755411 
0.0 -0.51 0.0 
0.0 0.0 0.0 
0.0 0.0 0.0 
0.0 0.0 0.0 
0.0 0.0 0.0 
0.0 0.0 0.0 
0.0 0.0 0.0 
0.0 0.0 0.0 
0.0 0.0 0.0 
0.0 0.0 0.0 
0.0 0.0 0.0 
0.0 0.0 0.0 
0.0 0.0 0.0 
0.0 0.0 0.0 
0.0 0.0 0.0 
0.0 0.0 0.0 
0.0 0.0 0.0 
0.0 0.0 0.0 
0.0 0.0 0.0 
0.0 0.0 0.0 
0.0 0.0 0.0 
0.0 0.0 0.0 
0.0 0.0 0.0 
0.0 0.0 0.0 
0.0 0.0 0.0 
0.0 0.0 0.0 
0.0 0.0 0.0 
0.0 0.0 0.0 
0.0 0.0 0.0 
0.0 0.0 0.0 
0.0 0.0 0.0 
0.0 0.0 0.0 
0.0 0.0 0.0 
0.0 0.0 0.0 
0.0 0.0 0.0 
0.0 0.0 0.0 
0.0 0.0 0.0 
0.0 0.0 0.0 
0.0 0.0 0.0 
0.0 0.0 0.0 
0.0 0.0 0.0 
0.0 0.0 0.0 
0.0 0.0 0.0 
0.0 0.0 0.0 
0.0 0.0 0.0 
0.0 0.0 0.0 
0.0 0.0 0.0 
0.0 0.0 0.0 
0.0 0.0 0.0 
0.0 0.0 0.0 
0.0 0.0 0.0 
0.0 0.0 0.0 
0.0 0.0 0.0 
0.0 0.0 0.0 
0.0 0.0 0.0 
0.0 0.0 0.0 
0.0 0.0 0.0 
0.0 0.0 0.0 
0.0 0.0 0.0 
0.0 0.0 0.0 
0.0 0.0 0.0 
0.0 0.0 0.0 
